440.2333493     2.148840826     0.214851492     10184.25321     -0.001368763
1131.606212     2.313776393     0.415906423     14039.8172      -0.001355336
371.1939111     3.831669599     0.347188567     13000.0552      -0.00164149
1255.126697     4.627874572     0.205402888     14348.78143     -0.000167847
987.057711      3.09244422      0.15505939      2727.223375     -0.001743665
928.3965106     4.854710703     0.381822468     4532.842154     -0.000663157
553.95093       2.498571615     0.347830669     2928.401782     -0.001775478
1155.828824     4.421181791     0.490287972     4291.154982     -0.001215953
1015.805038     1.391790417     0.463254246     2013.986938     -0.000724686
1380.285265     2.463598448     0.430262508     13254.59862     -0.00101084
452.6404172     1.994056946     0.233031682     4758.229849     -0.001979397
1101.304907     1.598417289     0.407917133     6994.343733     -0.001608825
1112.50038      2.3785949       0.494742999     2213.229364     -0.000194819
708.8813611     4.214702431     0.17051013      5446.247475     -0.001568712
1024.727229     3.366300648     0.163817278     10916.07839     -0.001804567
600.3851324     1.775862537     0.398960991     9859.340223     -0.001910137
1303.182189     4.538932453     0.18242967      13395.59839     -0.000241794
1347.958626     2.58163468      0.131286131     10304.38251     -0.001245568
1003.439399     1.824584986     0.383203035     2412.214235     -0.001251597
624.1253825     3.950425307     0.476432209     2308.776703     -0.001155933
1181.029971     4.598739891     0.341520218     2435.496125     -0.000685103
664.0306919     2.964618236     0.32995815      14129.09472     -0.00144206
699.3326865     3.013809107     0.174206623     11771.38284     -0.001863001
693.6602737     1.435413608     0.370385645     2770.378414     -0.001242797
1135.255127     3.10615905      0.417753942     14265.65367     -0.000794174
610.2948701     3.736627095     0.126542443     10603.24574     -0.0016022
533.1664616     4.7381367       0.376519308     12366.14198     -0.001404826
1162.221574     4.759042748     0.450505473     9776.221        -0.001067335
661.6351214     2.061828685     0.275587795     6106.058385     -0.000509092
617.8352611     1.510256736     0.166868226     3750.379281     -0.001914764
406.4440466     4.239246476     0.235019039     4510.374801     -0.000622192
1296.974226     4.229568043     0.474370297     11718.93658     -0.000836312
924.587191      2.12332679      0.299922585     10330.91904     -0.000457495
441.9857908     3.925367456     0.481744093     12925.14357     -0.000588337
1159.597747     4.591511092     0.46453591      4799.98127      -0.00151125
812.3619151     2.370482623     0.471878352     9177.915135     -0.001133118
1005.610402     4.118209717     0.498287641     5372.079777     -0.001146059
1102.577177     1.926776178     0.214287454     11379.6189      -0.001272116
523.7711479     3.474976701     0.268733867     5972.034829     -0.000914571
625.195226      3.453675098     0.18629617      4493.834767     -0.000820514
517.210463      4.975361652     0.238246159     8985.750759     -0.00076136
605.2202418     4.985823202     0.207931831     4049.291828     -0.00116278
907.2724708     2.915665207     0.196018332     8861.775967     -0.001219349
997.3298841     4.863331247     0.139701538     14206.25491     -0.000636314
1249.083666     1.720545675     0.474960581     7358.254685     -0.000900476
1330.965705     1.182866511     0.364607357     10932.93703     -0.001629848
611.8582403     4.393174339     0.183803913     12483.74513     -0.001184502
1345.300945     4.695095364     0.110533451     3826.910051     -0.001655667
950.8548212     2.574396922     0.128466751     6196.463546     -0.001229539
539.9405764     4.277962572     0.142554769     6598.751307     -0.000360398
1309.750157     1.089675943     0.433076559     11928.99533     -0.000841364
1230.673591     4.262889517     0.318999298     2941.365937     -0.001176074
905.5781635     4.771983866     0.204549447     8407.142495     -0.000542752
380.1256775     1.405422407     0.202937976     8318.445096     -0.000895324
741.8146182     1.291056822     0.322640065     8328.852477     -0.000867026
602.2149023     1.495478978     0.33860924      6443.399386     -0.001308916
890.1906073     1.503230736     0.435409594     11947.01549     -0.00141078
1297.844628     3.288220848     0.437050659     9575.621454     -0.00165062
581.1120613     2.525210435     0.178576187     2457.807181     -0.000592841
775.306822      4.551368143     0.300168586     11205.27206     -0.001118263
839.7379934     3.992296488     0.365476739     12849.93704     -0.001782439
715.1508178     1.056658039     0.400478078     10348.43329     -0.00015432
795.2332246     3.043840503     0.285727867     7578.48666      -0.00088781
954.8935589     2.188126856     0.344885267     9998.322769     -0.00143134
1056.873292     1.307286491     0.304768182     11177.15645     -0.001954242
1206.645336     2.839728373     0.497004596     13739.37723     -0.001669581
843.6035389     1.31218535      0.313140449     13627.83016     -0.001033072
1393.026045     2.724922119     0.320372664     7522.001106     -0.001024966
618.9049023     3.432258585     0.289144945     7383.345422     -0.001815875
551.3970774     2.357722637     0.316044913     8692.195235     -0.001662013
391.6772529     1.45074677      0.439451813     4948.449744     -0.001835986
1235.379335     2.892211407     0.213068409     8705.517969     -0.001658087
1136.742868     2.035842225     0.21586432      13889.0456      -0.001872192
1366.01171      4.098245478     0.255501666     4024.369983     -0.001479884
1399.111498     2.478611256     0.102685128     7141.96646      -0.000149794
532.2574866     1.95311424      0.444358151     4957.412644     -0.000448848
1060.994588     1.440079998     0.396616258     1984.662257     -0.000561004
491.1148569     1.717090325     0.297958886     10200.55217     -0.000903895
1217.350613     2.550074016     0.312060814     10537.51772     -0.000732025
683.3245958     3.630129691     0.108330869     3420.872047     -0.00030734
1148.552923     1.676550864     0.307942614     6246.009095     -0.000356827
717.5245053     3.908682824     0.337206337     4824.346941     -0.001249444
433.5346174     2.994513172     0.264985362     9366.187071     -0.001270175
459.3785928     2.16255379      0.126015213     11020.59683     -0.000759781
1257.245202     3.581070294     0.363638073     2032.966244     -0.001515213
1128.689985     2.387143522     0.443640431     3088.821408     -0.00173369
1012.279381     2.23697445      0.308835942     10402.45754     -0.000601872
509.6384054     3.22806813      0.205959397     5540.301158     -0.001988291
1209.518474     1.857499029     0.160810509     12455.42906     -0.000190025
968.8972769     1.794249735     0.192696862     3386.975603     -0.001553611
1196.727372     1.073262048     0.485246463     8732.206213     -0.000470013
695.9769791     2.183124137     0.452904971     9510.487345     -0.000170925
1358.662014     3.666219244     0.224644489     12698.34496     -0.00118713
1121.448574     3.422431687     0.424759964     7442.837174     -0.001705398
737.3448155     3.07873128      0.195517439     2827.95389      -0.001152279
760.1328571     3.173174031     0.411275954     9340.556127     -0.001135402
545.5019617     2.68276238      0.184202619     8832.434774     -0.001473998
816.4879851     1.371441978     0.256587154     5345.350132     -0.001787776
378.1146126     2.073665556     0.158134986     7116.861634     -0.000201675
443.0581908     3.426062423     0.25057129      7822.581932     -0.001056485
1385.333333     3.847895543     0.355625167     6395.029504     -0.001100204
834.5864724     3.182001379     0.188250001     9621.484353     -0.001989019
560.0406706     4.807157573     0.416142933     12574.25472     -0.000488025
1055.20914      3.637885857     0.22975603      3552.026779     -0.001904374
770.6859543     4.90697035      0.271643108     4125.841278     -0.001259949
946.5258272     2.494832924     0.279764841     2073.588903     -0.000955938
1252.355689     3.838038892     0.179570336     5760.351617     -0.000373131
850.060969      2.642510043     0.226038498     12901.59916     -0.001330585
1373.101647     1.530161666     0.296037971     9257.20787      -0.001362951
1367.6135       2.762401987     0.238704204     8814.436544     -0.001168258
917.489246      4.08084969      0.419361046     10781.50909     -0.000442458
387.6646321     4.844138141     0.432478864     12535.1446      -0.000694558
1238.37318      4.778320775     0.169165924     5124.051155     -0.000626527
975.0740799     2.084043711     0.405363907     4145.822809     -0.001035357
739.2461518     4.600247592     0.290723362     7824.380433     -0.001699139
935.3689554     1.345041558     0.494288969     3875.409281     -0.00131658
1309.373942     3.73388283      0.127339776     2093.694559     -0.001096904
1002.562034     3.119918014     0.16238433      13707.65021     -0.001265468
867.1170432     2.669058427     0.426765888     4855.643847     -0.001086847
422.5732486     4.169164466     0.157299846     10127.38627     -0.000267115
489.7196471     4.142367736     0.45741342      2969.443368     -0.000331069
1329.20001      1.580221717     0.381582174     8917.333861     -0.001771807
991.0767548     4.127243216     0.235409547     11963.27206     -0.001417092
1145.742097     2.485000893     0.246186596     13916.47518     -0.000339666
1238.222851     2.452997044     0.182019117     11982.58714     -0.000135339
375.5911464     1.632354178     0.456696065     11428.49671     -0.000223481
456.878674      3.262388834     0.35726728      11661.77371     -0.000526547
1187.792934     2.140933481     0.333765163     5484.927898     -0.0003238
607.0695176     3.235726462     0.116459375     8956.097014     -0.000316234
1220.554051     4.868182368     0.462785798     12020.73014     -0.001497456
1195.368972     4.610444573     0.243559973     13388.35739     -0.001620262
1152.338518     2.281156364     0.149734387     3143.436385     -0.000483599
1081.956991     2.305157535     0.280022616     1896.678507     -0.001325608
908.6391593     1.932740095     0.151164168     3498.860608     -0.00065031
1272.891375     2.799210467     0.185171086     7486.402695     -0.001045432
1306.007127     3.701250527     0.367341239     7784.704714     -0.0017367
476.2065284     4.817635864     0.17679515      13067.0645      -0.000397121
1118.739727     4.657151543     0.399690569     5568.345328     -0.000162999
1269.83154      4.311998153     0.446770397     6340.070071     -0.001799082
843.3383515     4.648218298     0.412176227     13549.16909     -0.00179756
628.5939688     1.338539072     0.193884407     9804.80922      -0.000736121
1360.594063     4.382500885     0.308236386     4452.224233     -0.00134549
486.411568      2.225601672     0.264134469     11547.28345     -0.000236924
1263.390737     3.748827957     0.200360607     11486.86031     -0.000579282
848.7896099     1.168597791     0.406219917     9396.19203      -0.000721334
1188.734984     3.694592079     0.252159158     2179.715308     -0.000207052
407.1821122     4.639128152     0.348141729     2509.236748     -0.00071117
497.6625828     1.166000174     0.384073247     13983.91777     -0.00106901
559.0020787     3.195655803     0.45995108      10660.57364     -0.00096858
651.2407584     1.662167071     0.46715421      6268.948613     -0.000548112
1276.321322     2.019526627     0.481470382     14086.07973     -0.001974302
899.29714       1.785452903     0.297315117     13296.74724     -0.000492786
397.638961      3.895857139     0.200810083     2635.460978     -0.001638891
897.2300945     3.547428951     0.491208502     5711.952225     -0.001728261
940.9996031     2.734261995     0.242274885     12810.81875     -0.000281404
972.7754057     4.324589855     0.335260951     14375.61133     -0.000363589
469.8244107     2.541628136     0.251633034     3680.413586     -0.000754205
1015.637042     4.527286183     0.446227566     5216.234664     -0.000106219
1222.449203     1.323211837     0.375522576     11472.41604     -0.000815441
828.9386004     4.993022456     0.485662172     7720.102545     -0.001564017
449.7881204     1.566839184     0.330795293     13146.9 -0.000476877
369.3957869     4.674446386     0.239482828     9047.512244     -0.000728182
1074.806669     3.413905048     0.489556922     6625.764283     -0.00096271
982.7181549     4.577828838     0.19341612      9918.947807     -0.000776022
836.1673198     3.388327614     0.428355294     3636.008609     -0.000417755
720.9932271     4.747622828     0.14878028      12783.64016     -0.00078599
635.1640475     2.804432257     0.112351524     6557.768373     -0.00117261
912.4072894     2.786876482     0.415127987     11345.18288     -0.000419963
674.1303083     3.712090243     0.3193538       2170.023316     -0.000461166
1254.061891     1.739023393     0.106285179     8361.540231     -0.000454958
479.3454376     1.086630766     0.310185285     3210.060497     -0.000746255
1067.216836     1.837507306     0.380789861     9658.532117     -0.001625949
1107.322407     3.487580392     0.390821451     14307.41437     -0.000742881
691.5097116     1.702494172     0.244246914     11685.71551     -0.001886793
429.6721684     4.621735029     0.232199896     5816.593134     -0.000752863
1397.729064     2.025543702     0.247795579     10236.39221     -0.000232235
684.1652612     2.831797923     0.177732619     8242.746477     -0.001575883
1243.244612     1.907801222     0.282500968     5799.424378     -0.000698646
922.8949209     4.645200429     0.349584607     13821.95841     -0.001549318
862.4594436     1.845282655     0.344480304     5404.430612     -0.000379793
1194.04292      1.680536256     0.360209008     2351.701103     -0.000251284
420.2601301     4.329998805     0.107281606     6233.752133     -0.001062988
1346.646311     2.596682874     0.362573294     8089.540431     -0.000268581
384.4332117     4.963030775     0.394208675     9980.700172     -0.00105172
1086.565202     1.852555955     0.437973797     3942.786154     -0.001456991
481.084326      1.946498159     0.394699901     2378.717721     -0.001517999
637.583649      3.153803124     0.110253081     12115.43245     -0.001853301
1268.401789     1.023814073     0.267681444     5747.117495     -0.001396351
565.6255546     3.959931605     0.492868128     10796.53887     -0.001591481
745.6570873     4.41011438      0.315470419     8001.909224     -0.000813182
647.2356552     4.572098342     0.447565573     2988.054661     -0.000179488
1227.397511     1.157580076     0.113361501     2885.194441     -0.000651595
444.6948817     1.616668371     0.174650412     4215.698287     -0.000392171
767.0960043     4.159322195     0.458389681     7053.458815     -0.000910645
1009.271295     1.01494014      0.101125362     10828.37608     -0.000353582
838.78314       1.91380032      0.468414288     14369.11683     -0.00127566
1388.282407     3.12963125      0.132653468     3701.515849     -0.00108095
504.9449604     3.123893942     0.290026142     12637.7724      -0.000953274
535.0167746     2.129260637     0.258488736     2238.142285     -0.001489679
568.2254088     2.60616191      0.273043614     6128.738869     -0.001182805
788.7079238     1.275606991     0.138876486     7218.029788     -0.000935696
1225.544981     1.942710235     0.256821302     2534.180669     -0.001721057
962.7421128     2.398983379     0.441301485     4365.626358     -0.000629503
926.2145074     1.47225565      0.156506093     11370.10871     -0.001483384
1173.229298     4.014190995     0.217319323     3025.92382      -0.001718323
575.3277532     1.148694667     0.451300397     10279.67005     -0.000427337
1185.288304     4.165725663     0.248130472     3785.579963     -0.001537562
776.3189168     2.050666274     0.332961173     7166.297139     -0.001994381
1046.467353     4.506515736     0.305845241     10631.31175     -0.001981944
1313.701324     3.598423706     0.306877702     3487.958772     -0.000347035
394.7578744     2.849624463     0.284780835     7947.510689     -0.000278204
487.3647545     1.898761376     0.120220376     10873.8147      -0.000335033
831.3837619     1.267739018     0.190003615     7660.999886     -0.000715265
854.0417483     1.055790268     0.468870128     3984.773696     -0.00094691
728.2409665     1.28287853      0.263264424     1973.778443     -0.001073062
712.0989915     3.223038825     0.39202616      5589.372437     -0.001452027
430.2160131     1.297921741     0.269323969     12067.09879     -0.000860028
1062.856093     1.45775893      0.285418268     11861.58882     -0.001579335
1089.024532     4.716468132     0.172008711     8268.928687     -0.000703061
1059.301404     3.50804581      0.145161387     2494.558164     -0.001864096
986.2312803     2.777144047     0.315025746     8530.032769     -0.001841496
1047.347047     3.283912058     0.227398021     10107.05726     -0.001708263
945.0599993     2.41881697      0.270814155     9301.389132     -0.001313712
363.2348984     4.492269227     0.361959453     13930.01318     -0.000948137
969.5755988     3.326750723     0.199847991     8780.727965     -0.001899163
980.151146      3.30874746      0.343830042     6139.035627     -0.000388517
1039.129262     2.973965098     0.420897723     6692.465733     -0.000109503
572.4119416     4.436684629     0.159581506     8157.572522     -0.000295749
1278.897334     2.657811693     0.425059311     7567.019241     -0.000617463
360.7690613     3.208455435     0.220998609     13234.26005     -0.000437629
1095.777761     3.514136576     0.413085163     13658.40286     -0.001233748
703.3668486     2.465602171     0.288747964     13574.08829     -0.001347445
643.7545635     2.984243198     0.328576777     5245.262625     -0.000940744
933.2789332     4.912475593     0.27397907      8379.492897     -0.000221133
1336.895091     1.972322436     0.352735958     3721.551234     -0.001738317
1092.27052      4.044948109     0.341686452     12167.70964     -0.001877665
594.8375416     3.083535234     0.331661159     13095.99026     -0.000557882
1355.495457     3.991954918     0.377406998     9588.433948     -0.000549081
494.2529419     4.037752715     0.104939813     9151.79377      -0.001456299
524.9268401     2.948271475     0.321116078     11109.84378     -0.0007801
495.5082223     2.626431027     0.385809039     3051.218937     -0.00146223
939.1681045     3.603102622     0.452346385     7992.94752      -0.000872849
1073.617465     1.66415455      0.413841677     14297.71519     -0.001139527
702.3027894     1.47038111      0.123310972     2732.75289      -0.000160027
548.0165897     2.775744101     0.134075498     9945.972374     -0.000450319
785.6883457     4.838556837     0.487457704     3925.122979     -0.000126135
463.0421671     1.706741511     0.100069986     8598.076313     -0.000183597
399.4015511     1.554390402     0.467934431     12279.73625     -0.000102948
463.482015      2.064071301     0.210404192     8771.434647     -0.000986979
1090.605389     1.734182803     0.37041582      12970.07372     -0.001826654
931.4134379     4.948594754     0.118719323     11607.56801     -0.000520175
1378.136564     2.677378676     0.231797857     6028.823263     -0.001809941
1182.895235     1.213584458     0.131197403     13468.79745     -0.00067956
886.0844696     3.765440153     0.26295206      7332.382431     -0.000383438
872.6060587     1.232037307     0.134524794     7280.269314     -0.001379021
388.9315151     2.153869329     0.354551685     9878.393629     -0.001596953
502.6416519     4.826491554     0.1243978       5171.046112     -0.001946992
425.8948126     3.539655823     0.314340341     5180.443863     -0.001528304
797.8649022     4.290116394     0.129256573     8511.777558     -0.001961199
894.0922685     2.751923774     0.219850284     10472.38398     -0.000973727
755.097097      4.46385934      0.234092611     12882.79148     -0.000880151
1212.02058      3.67543015      0.410496614     9461.897063     -0.000196583
697.2432721     2.863951304     0.473001311     12134.86767     -0.001371799
847.094202      4.255919641     0.395538699     9687.475318     -0.001643919
1022.50368      3.752146661     0.403249472     1838.61695      -0.000598201
942.486556      4.176622231     0.3982005       4983.844308     -0.000532475
588.5892705     1.250113626     0.164393657     13817.22797     -0.000291629
687.8549428     3.191369069     0.327113971     8191.811012     -0.000893702
865.5706016     4.927454889     0.155332823     7182.929402     -0.001255987
783.3502665     4.375114998     0.295350996     8881.43484      -0.001478212
529.4368825     4.005229518     0.211283735     12558.34012     -0.00152201
1282.675093     3.613574404     0.120983051     8202.338124     -0.001287836
641.0317656     2.00888713      0.253018159     12414.62026     -0.001283324
508.3663316     1.88373504      0.305310575     9281.606103     -0.000857109
790.5056444     2.512378546     0.401121493     13444.77133     -0.001040473
392.8803085     2.203817128     0.418629369     13442.1853      -0.000310668
412.0222692     2.3203864       0.144054745     3529.634914     -0.000288404
892.3862857     2.905083423     0.26132805      9433.357685     -0.001095554
803.2465544     1.601480914     0.486450007     3322.254434     -0.001933468
731.7525981     4.13512133      0.351235876     11734.26567     -0.001766518
596.2480559     2.332154815     0.469755573     7903.427288     -0.001018596
1305.245547     3.329325517     0.442165094     10371.79977     -0.000515465
954.6680997     4.068870505     0.286725705     11253.72153     -0.000607188
958.8244607     3.059900595     0.499042152     3350.436849     -0.001606093
1115.980787     2.935098464     0.292117401     11058.45969     -0.001646701
1010.620854     1.413477503     0.197490329     9222.729743     -0.001206113
780.2604784     2.71556917      0.216498071     7876.055075     -0.00142815
815.0921976     2.615756516     0.109562497     4231.495622     -0.001290937
1323.027206     4.555468739     0.260539651     2875.933258     -0.000978956
1166.706413     2.168815738     0.40400249      12502.4305      -0.001492588
511.7717598     1.13028461      0.122931282     10692.72715     -0.000992659
520.0766083     1.332253345     0.17288952      4088.368606     -0.00149902
948.8220108     1.198040657     0.460398445     7209.056158     -0.000407828
354.1940881     3.721147384     0.180270966     6184.352674     -0.001919245
1176.196303     2.563250434     0.339685153     7510.301598     -0.000225498
1333.829532     3.339048129     0.428855762     10767.91914     -0.000564374
367.1081874     4.875411798     0.483695467     11582.43023     -0.001546789
1070.529606     2.343192512     0.119245572     7067.069091     -0.000318646
448.0538775     1.364491672     0.141368876     6956.763545     -0.001199764
373.9328195     2.755568796     0.153756713     11425.88535     -0.000537461
483.7104736     3.407675475     0.104120925     2624.441832     -0.001613057
819.8598061     4.47413311      0.44516011      4740.397833     -0.000656523
747.6975869     4.360955656     0.225337384     6819.601594     -0.000876691
1321.347328     4.724121733     0.40857859      5295.222552     -0.001711335
1034.561689     1.524140752     0.147455879     2856.002114     -0.000938627
978.1725162     1.377342646     0.253714015     5986.966059     -0.00167989
1315.928026     1.691725679     0.249746075     4884.901444     -0.000533779
734.4345414     2.110813375     0.353655517     10734.09599     -0.000569947
1116.840632     1.12278152      0.270169052     5517.54749      -0.00104647
959.2257377     1.572325756     0.158445035     3573.452294     -0.000611513
1031.701907     1.417588559     0.449324984     6483.331708     -0.001747598
1389.604393     3.869975508     0.266148603     13175.19063     -0.000741025
679.1767054     1.11702461      0.421832116     10505.61071     -0.001756559
586.405647      4.881295503     0.20375835      12347.65938     -0.001758643
382.9064667     4.303274346     0.221819296     4108.115603     -0.001339197
722.746029      4.442484698     0.44808264      7681.970986     -0.000782375
1291.523947     3.7685338       0.186499858     8101.209413     -0.001600014
809.894378      2.936209749     0.278338765     13328.88796     -0.001850077
659.4929271     4.355917597     0.168351831     14010.10174     -0.001665758
1027.236916     3.253799841     0.301505143     13274.01186     -0.000718623
773.3151313     4.765026472     0.406686555     8667.64687      -0.001540904
822.3584505     2.819290835     0.368209011     7849.335463     -0.0010612
1288.29993      3.525555255     0.152332634     3221.497658     -0.001089347
1077.398296     3.936690052     0.382732483     13016.40992     -0.000374042
781.9889893     3.931792031     0.454528342     6907.324279     -0.001536194
717.4261641     4.981127242     0.434939977     5609.312049     -0.0006705
1286.359949     3.201603798     0.146700348     11647.34799     -0.001019862
1110.641365     2.089984268     0.427571386     8026.955444     -0.000213287
366.7979851     4.733521823     0.353429693     12409.0352      -0.00058309
584.2884153     3.145981863     0.496469972     2403.271148     -0.001338301
1338.258132     3.162097385     0.101781848     13198.67471     -0.000930411
725.105561      1.030289298     0.334976414     13746.7158      -0.001395099
1108.255943     2.736365289     0.499691674     9093.17819      -0.000995871
622.5075187     3.91582458      0.350949251     8642.953022     -0.001401456
1232.829239     3.44451367      0.318268217     5911.773941     -0.001412796
1281.356459     4.560358693     0.371942446     3390.038705     -0.001869524
1339.758583     4.244440475     0.387383084     8471.624522     -0.001784073
1138.710827     2.245443521     0.275067883     7730.010204     -0.001583225
1043.03901      1.983277084     0.245581185     11814.18006     -0.000788712
1170.957141     4.52899424      0.140025941     9318.544812     -0.001447859
1207.619016     4.196922434     0.299003445     3596.307331     -0.001004691
1240.765307     3.002932345     0.20686222      11571.61514     -0.001752755
676.699118      1.26136631      0.358709306     6886.89951      -0.001320389
827.6750542     1.242581448     0.327496123     13672.77738     -0.001690808
826.0633181     3.030441887     0.243013828     2266.344699     -0.000300982
1129.400852     3.393756193     0.329224558     5069.968008     -0.000246669
1267.336942     2.871942613     0.262239821     3646.207904     -0.001144789
1064.666461     2.845092835     0.194504269     14192.17111     -0.001299486
355.7126814     2.414757677     0.431541079     11086.28844     -0.000823468
1352.22227      1.487039986     0.374047123     12586.60116     -0.001700403
1042.494632     4.016299424     0.177587507     13953.55181     -0.000770983
545.1080506     3.787668671     0.23634219      14172.55497     -0.001686552
858.2550431     3.81088814      0.259936558     2142.941326     -0.000808562
475.3081089     1.517301759     0.458803761     4658.935754     -0.000632824
999.219488      4.48639729      0.281182425     13779.38613     -0.000138832
994.8553349     3.851158804     0.217966481     8148.069843     -0.000849432
1200.322773     2.112443675     0.115903417     4688.142545     -0.00023545
1049.383335     4.390996082     0.338054843     2671.025358     -0.000175135
648.4886969     2.269233099     0.433880363     12242.94695     -0.001921453
880.3609261     4.025005131     0.287362082     5014.047605     -0.000959336
768.2211526     2.360178643     0.343114653     13358.52002     -0.001792306
761.6060277     1.100597692     0.388583081     8616.295104     -0.00119115
734.1939274     2.504789947     0.488351296     10161.99783     -0.000845869
920.6065224     1.184291758     0.340285649     5080.403355     -0.001205119
1327.711842     1.62986514      0.170090843     1812.042122     -0.000326499
810.0471711     1.80649487      0.202379993     6508.482079     -0.000552583
568.844419      3.488662844     0.479699469     12960.96056     -0.000674828
883.3321026     4.518178523     0.317432784     2788.2838       -0.001572101
749.4977566     4.26968898      0.389465153     6663.801043     -0.000908277
1070.276094     2.043996673     0.130342499     10713.30106     -0.001586292
792.3090562     2.634077587     0.369489573     9889.25788      -0.001893449
521.487335      4.943494947     0.373068538     7748.831448     -0.00043312
1229.72934      2.432008106     0.162682405     7309.705997     -0.001103767
1381.201087     2.446932866     0.34622722      13514.72883     -0.000271339
868.914484      2.533786918     0.311956247     9117.182327     -0.000302235
705.6487166     4.66817641      0.393424424     10973.44899     -0.001831157
599.2694926     2.295904517     0.439123928     3907.065736     -0.000343818
458.8412085     4.220979967     0.160262842     6298.131687     -0.000467207
408.857514      1.644152093     0.218938959     8573.641589     -0.001156751
1167.247353     2.217221373     0.478359069     9814.383646     -0.001110039
562.2756083     2.58427657      0.294183455     8427.696864     -0.001195728
903.1776457     4.786667514     0.138211299     7406.210379     -0.001763507
856.9322579     3.241695681     0.11718276      13869.56862     -0.001905882
668.4698276     1.776355344     0.378973543     2682.064173     -0.000423031
437.6035381     3.57452806      0.436177186     9199.640815     -0.000502225
1394.538772     4.31520699      0.291557128     12321.39693     -0.001821979
1123.346662     2.350282368     0.356422323     12821.02332     -0.000640737
993.0269158     2.428307525     0.266566101     5313.526767     -0.001503981
1125.100146     3.138206767     0.484791472     11158.95299     -0.001967816
1172.542822     4.185261841     0.44032399      7455.586544     -0.000981726
499.3984523     2.209739994     0.228684663     5682.252901     -0.001530539
672.0586481     2.694231378     0.367052636     6377.886482     -0.000133206
1246.864892     2.702372709     0.246445958     4629.430571     -0.001304738
1143.463255     4.285854403     0.350057924     6777.213602     -0.001239268
1213.450598     3.497771462     0.226681944     9535.158987     -0.00194172
1200.516806     4.682607918     0.324064083     5869.866949     -0.00092657
580.1272172     2.876368566     0.278480577     3267.683752     -0.001945577
656.3734853     2.8852736       0.36124087      5639.353759     -0.000661145
1289.822192     1.206315199     0.302080763     9536.464491     -0.001390928
801.3518182     2.198322988     0.326323705     6984.174862     -0.001507142
403.4312511     2.902472618     0.248977117     6797.083067     -0.001166553
435.6815636     1.590879069     0.164967466     14111.57762     -0.001468948
573.157648      1.395368598     0.425632076     10427.70888     -0.000830364
1019.57834      1.895231034     0.11787919      10247.45399     -0.001080319
1104.346741     3.899600694     0.276348245     6526.387151     -0.001885488
852.2617845     1.230915835     0.149283584     6653.69679      -0.000575347
658.2955217     3.686542147     0.423691097     12198.82509     -0.000260827
765.3227522     2.953283161     0.136243369     10969.35556     -0.000440369
902.2361511     1.651550464     0.208107685     3841.35139      -0.001351735
1052.421325     1.356975355     0.103451501     4419.115345     -0.001425927
885.1682649     1.042037622     0.450360025     12679.74862     -0.001675471
822.9031078     2.556881927     0.402957846     3308.183392     -0.000828929
1293.491101     3.357998866     0.420110684     6328.265795     -0.001226088
1028.729152     1.865287771     0.401820467     10854.32741     -0.000284963
681.0394566     1.752637009     0.181308414     4342.387338     -0.000404582
1369.642184     2.922845641     0.303050365     10546.19675     -0.000921966
726.0549632     3.528651792     0.240970955     6752.042255     -0.001695835
1150.781487     2.621853829     0.15341398      11030.53708     -0.001381042
418.0763401     3.554890198     0.321665861     5466.14886      -0.001963684
1216.469052     4.792074789     0.430875075     9711.426074     -0.000919106
989.593011      1.814920717     0.455684383     14234.36576     -0.001294623
1097.739303     4.471933232     0.310688106     5384.78558      -0.000571756
665.3472438     3.87868944      0.171455977     2292.31688      -0.000113316
515.3753031     3.796588168     0.294675252     12082.01771     -0.00020302
414.4079818     1.967330444     0.495551865     3809.194929     -0.001333552
507.1527139     4.053504929     0.199145806     2599.062196     -0.00121175
1326.077068     4.341112472     0.281654375     6062.235897     -0.000803701
556.07306       3.642739633     0.366178332     10042.93642     -0.001846054
400.8293497     3.372089132     0.408991453     6046.557211     -0.001123759
805.0508835     3.100652619     0.336677875     9448.478354     -0.000687708
1319.002933     2.650056554     0.111348104     9082.282981     -0.001775983
1265.518766     1.035012643     0.293063055     4721.58376      -0.00083854
1157.943639     3.983237489     0.2204628       7247.023467     -0.000148908
1383.313209     4.430552713     0.191739079     6432.465036     -0.000796869
1244.865292     2.812332475     0.443101888     8502.127178     -0.001224772
966.5942908     3.348023972     0.223648424     4560.924084     -0.000884644
615.4697765     3.037541422     0.41002158      6936.106103     -0.001972828
915.508496      2.257249735     0.303799143     13121.42572     -0.000800539
473.6440993     1.068837729     0.324860935     4779.350785     -0.001955675
1036.34086      4.450252662     0.125422911     11779.62123     -0.001420126
873.5063074     2.983339986     0.13752125      3441.687384     -0.000142282
629.5939289     3.584366492     0.188814457     8065.316494     -0.000997223
350.8757462     3.655277096     0.396941608     3993.980297     -0.001683251
424.404467      3.31270893      0.37496365      11889.60325     -0.001002988
876.1315452     3.780671678     0.121641313     5847.462435     -0.000473012
577.8323036     3.02289877      0.359319945     11148.34151     -0.001126237
1364.075066     1.141599072     0.472588371     10462.22278     -0.001619104
1357.713984     4.812614047     0.212387543     4910.500319     -0.000597607
454.7165425     3.383228815     0.45432745      2112.948166     -0.000366165
710.6808555     1.822999693     0.391765565     4595.231081     -0.000616037
537.0540648     1.536131702     0.146303725     10581.62073     -0.000692045
1370.986421     3.96321914      0.417234533     7959.453367     -0.000119657
1274.370012     4.95875464      0.37268819      10039.91928     -0.000667245
914.4813286     4.201501053     0.323359972     11839.64621     -0.001028259
1177.89216      3.56087215      0.377767033     12719.15763     -0.000395745
593.5087249     4.711094735     0.237219421     3165.149636     -0.000498699
1350.51072      4.935091996     0.482406346     7633.591287     -0.000522371
1083.352866     3.816222267     0.257747804     4303.085284     -0.001562954
758.6047269     3.800906735     0.166184073     4182.511859     -0.000977291
794.0815246     4.345387441     0.466250238     5937.082506     -0.00085566
1300.42223      3.619668185     0.470502811     11506.68052     -0.001303772
1203.947289     2.302012223     0.175455962     5256.720209     -0.00189606
632.4812671     4.11160955      0.277294319     6861.663204     -0.001838054
417.0193202     4.702875915     0.479085539     6579.765805     -0.000115276
887.860764      3.709011969     0.379795577     9757.303278     -0.000645572
671.147768      1.000003216     0.387086318     11300.4652      -0.001467755
1140.701808     4.076309018     0.143252297     5898.737482     -0.001724602
975.8263676     1.612579908     0.475653705     2556.355126     -0.001360737
1147.208913     4.889979168     0.422903737     13603.3273      -0.001113709
963.6739896     2.001749463     0.15197823      12629.63403     -0.000186864
689.5494296     3.974236002     0.167574903     4435.550781     -0.000768363
1341.23262      4.50001309      0.133162116     11241.76063     -0.000504796
589.70813       1.426191203     0.187311705     3064.530816     -0.001434249
936.7984065     3.467720012     0.477557772     1853.785333     -0.001558237
1038.575345     2.276082888     0.198015266     3118.509863     -0.001439026
1093.956331     2.708101294     0.358192062     12035.04562     -0.000484378
1021.456007     4.088024144     0.106885675     8966.43818      -0.001374643
1191.99537      3.297629395     0.385547122     1924.181795     -0.001810448
526.9889324     3.266422971     0.240028872     12291.28986     -0.001118514
467.9566439     3.883619239     0.210246159     7614.92825      -0.001279553
466.073405      1.876178293     0.209315489     14055.7533      -0.000870618
542.0854009     4.903591816     0.141674862     4246.226115     -0.001928963
806.8577824     4.056082914     0.332105729     4609.226641     -0.000707107
1079.768456     1.761905687     0.46227432      9019.038684     -0.000335799
552.2043282     2.252352081     0.492658184     3259.521122     -0.000413076
652.6924803     1.987736683     0.390013351     13520.52097     -0.001631788
756.9203495     3.662766812     0.272055588     5671.679556     -0.001939059
744.6778576     1.223204228     0.228808617     9714.270739     -0.0018563
877.5866928     1.546018934     0.222738213     11287.7983      -0.000128612
1260.265045     3.065509094     0.113728333     12745.59902     -0.000513724
358.4002402     2.101385178     0.465258618     6731.944051     -0.000402029
613.5354251     1.749645457     0.114592285     7017.920353     -0.001385373
358.2583705     3.053527537     0.283500707     1944.750343     -0.001818089
860.5254671     4.148084794     0.190951771     13061.30127     -0.000253558
1164.247304     3.859097083     0.254794615     5045.249556     -0.001998762
752.7021321     2.40064627      0.135980791     12226.77315     -0.00021675
1376.454651     1.107339062     0.4805628       5135.017211     -0.00025648
1316.965749     3.457059437     0.461105628     8282.070094     -0.001882038
645.897144      4.40678232      0.230597536     4375.046488     -0.001924475
637.7625829     3.274378651     0.490407151     10087.64754     -0.001013956
