% # columns="iteration, evaluation, min max(neg(.)) min(pos(.)) max correlation, correlation matrix principle axes lengths  (sorted square roots of eigenvalues of correlation matrix)", seed=911874, Sat Oct  9 03:11:20 2021
1 6 -0.10682752072252834 -0.10682752072252834 -0.10682752072252834 -0.10682752072252834 0.9450780281423707 1.0520587059297255
2 12 0.061776975898100196 0.061776975898100196 0.061776975898100196 0.061776975898100196 0.9450780281423707 1.0520587059297255
3 18 0.16358393602202517 0.16358393602202517 0.16358393602202517 0.16358393602202517 0.9145578516299417 1.078695478817829
4 24 0.10083576230561193 0.10083576230561193 0.10083576230561193 0.10083576230561193 0.9145578516299417 1.078695478817829
5 30 0.17212333162552432 0.17212333162552432 0.17212333162552432 0.17212333162552432 0.9098772820410869 1.082646448119387
6 36 0.3585318062154619 0.3585318062154619 0.3585318062154619 0.3585318062154619 0.9098772820410869 1.082646448119387
7 42 0.4015021001938428 0.4015021001938428 0.4015021001938428 0.4015021001938428 0.7736264601254002 1.1838505396348997
8 48 0.2634149339449471 0.2634149339449471 0.2634149339449471 0.2634149339449471 0.7736264601254002 1.1838505396348997
9 54 0.3633791204233844 0.3633791204233844 0.3633791204233844 0.3633791204233844 0.7978852546429314 1.1676382660838862
10 60 0.452746662306535 0.452746662306535 0.452746662306535 0.452746662306535 0.7978852546429314 1.1676382660838862
11 66 0.4367857920642436 0.4367857920642436 0.4367857920642436 0.4367857920642436 0.7504759875810527 1.1986599985251212
12 72 0.319521374393819 0.319521374393819 0.319521374393819 0.319521374393819 0.7504759875810527 1.1986599985251212
13 78 0.13342871513111781 0.13342871513111781 0.13342871513111781 0.13342871513111781 0.9308981065986128 1.0646260917012684
14 84 0.5021464256830515 0.5021464256830515 0.5021464256830515 0.5021464256830515 0.9308981065986128 1.0646260917012684
15 90 0.7293749399076256 0.7293749399076256 0.7293749399076256 0.7293749399076256 0.5202163589242216 1.3150570101359202
16 96 0.708382454904053 0.708382454904053 0.708382454904053 0.708382454904053 0.5202163589242216 1.3150570101359202
17 102 0.7922039916951452 0.7922039916951452 0.7922039916951452 0.7922039916951452 0.455846474489882 1.338732233008209
18 108 0.752208573953171 0.752208573953171 0.752208573953171 0.752208573953171 0.455846474489882 1.338732233008209
19 114 0.7243397869931636 0.7243397869931636 0.7243397869931636 0.7243397869931636 0.5250335351259351 1.3131411908066717
20 120 0.6865929626335305 0.6865929626335305 0.6865929626335305 0.6865929626335305 0.5250335351259351 1.3131411908066717
21 126 0.7456001620249638 0.7456001620249638 0.7456001620249638 0.7456001620249638 0.504380647899021 1.3212116265099108
22 132 0.7940869438528219 0.7940869438528219 0.7940869438528219 0.7940869438528219 0.504380647899021 1.3212116265099108
23 138 0.7849576788468362 0.7849576788468362 0.7849576788468362 0.7849576788468362 0.4637265586023339 1.336023083201348
24 144 0.6442488631438172 0.6442488631438172 0.6442488631438172 0.6442488631438172 0.4637265586023339 1.336023083201348
25 150 0.5977692467684851 0.5977692467684851 0.5977692467684851 0.5977692467684851 0.6342166453440927 1.2640289738643198
26 156 0.7940910327816811 0.7940910327816811 0.7940910327816811 0.7940910327816811 0.6342166453440927 1.2640289738643198
27 162 0.7793670326351918 0.7793670326351918 0.7793670326351918 0.7793670326351918 0.469715836825637 1.3339291707715188
28 168 0.8793835536041236 0.8793835536041236 0.8793835536041236 0.8793835536041236 0.469715836825637 1.3339291707715188
29 174 0.9201723344774749 0.9201723344774749 0.9201723344774749 0.9201723344774749 0.2825379010372329 1.3857028305078527
30 180 0.9340509109388658 0.9340509109388658 0.9340509109388658 0.9340509109388658 0.2825379010372329 1.3857028305078527
31 186 0.9178551591630005 0.9178551591630005 0.9178551591630005 0.9178551591630005 0.2866092127566727 1.384866477016106
32 192 0.9245727857567975 0.9245727857567975 0.9245727857567975 0.9245727857567975 0.2866092127566727 1.384866477016106
33 198 0.9630702371715059 0.9630702371715059 0.9630702371715059 0.9630702371715059 0.19217118105609376 1.4010960842039013
34 204 0.9804979777169869 0.9804979777169869 0.9804979777169869 0.9804979777169869 0.19217118105609376 1.4010960842039013
35 210 0.9891497866747353 0.9891497866747353 0.9891497866747353 0.9891497866747353 0.10416435726900478 1.4103722156490235
36 216 0.983596329605382 0.983596329605382 0.983596329605382 0.983596329605382 0.10416435726900478 1.4103722156490235
37 222 0.9888681675705161 0.9888681675705161 0.9888681675705161 0.9888681675705161 0.10550749939925524 1.4102723735401315
38 228 0.9923262645669133 0.9923262645669133 0.9923262645669133 0.9923262645669133 0.10550749939925524 1.4102723735401315
39 234 0.9945668445847389 0.9945668445847389 0.9945668445847389 0.9945668445847389 0.0737099410884381 1.412291345503731
40 240 0.9957295601605849 0.9957295601605849 0.9957295601605849 0.9957295601605849 0.0737099410884381 1.412291345503731
41 246 0.9970219273693122 0.9970219273693122 0.9970219273693122 0.9970219273693122 0.05457172006349025 1.4131602624505517
42 252 0.9959325456646766 0.9959325456646766 0.9959325456646766 0.9959325456646766 0.05457172006349025 1.4131602624505517
43 258 0.994114260385265 0.994114260385265 0.994114260385265 0.994114260385265 0.07671857411823378 1.4121311059477675
44 264 0.9952213604219247 0.9952213604219247 0.9952213604219247 0.9952213604219247 0.07671857411823378 1.4121311059477675
45 270 0.9925036534010246 0.9925036534010246 0.9925036534010246 0.9925036534010246 0.08658144488847173 1.4115607154497551
46 276 0.9913868357155485 0.9913868357155485 0.9913868357155485 0.9913868357155485 0.08658144488847173 1.4115607154497551
47 282 0.9951997415776097 0.9951997415776097 0.9951997415776097 0.9951997415776097 0.06928389728061125 1.4125153951648137
48 288 0.9959500363984435 0.9959500363984435 0.9959500363984435 0.9959500363984435 0.06928389728061125 1.4125153951648137
49 294 0.9952859540770765 0.9952859540770765 0.9952859540770765 0.9952859540770765 0.06865891000389789 1.4125459122014676
50 300 0.9948667270585834 0.9948667270585834 0.9948667270585834 0.9948667270585834 0.06865891000389789 1.4125459122014676
51 306 0.9942802636432803 0.9942802636432803 0.9942802636432803 0.9942802636432803 0.07562893861954978 1.412189882290367
52 312 0.9904518088814886 0.9904518088814886 0.9904518088814886 0.9904518088814886 0.07562893861954978 1.412189882290367
53 318 0.9927202767507763 0.9927202767507763 0.9927202767507763 0.9927202767507763 0.08532129423082976 1.4116374452212497
54 324 0.9932648525004343 0.9932648525004343 0.9932648525004343 0.9932648525004343 0.08532129423082976 1.4116374452212497
55 330 0.9871225975256469 0.9871225975256469 0.9871225975256469 0.9871225975256469 0.11347864325216923 1.4096533607684008
56 336 0.991398703683528 0.991398703683528 0.991398703683528 0.991398703683528 0.11347864325216923 1.4096533607684008
57 342 0.9939902925352613 0.9939902925352613 0.9939902925352613 0.9939902925352613 0.07752230301493099 1.4120872113772793
58 348 0.9918847050458363 0.9918847050458363 0.9918847050458363 0.9918847050458363 0.07752230301493099 1.4120872113772793
59 354 0.9880003670788498 0.9880003670788498 0.9880003670788498 0.9880003670788498 0.10954283601016633 1.409964668734238
60 360 0.9811257800407771 0.9811257800407771 0.9811257800407771 0.9811257800407771 0.10954283601016633 1.409964668734238
61 366 0.977688600873124 0.977688600873124 0.977688600873124 0.977688600873124 0.14937000745422782 1.4063031681942284
62 372 0.9797080371561141 0.9797080371561141 0.9797080371561141 0.9797080371561141 0.14937000745422782 1.4063031681942284
63 378 0.9752354132248584 0.9752354132248584 0.9752354132248584 0.9752354132248584 0.15736768021147618 1.4054306860264787
64 384 0.9593397247592613 0.9593397247592613 0.9593397247592613 0.9593397247592613 0.15736768021147618 1.4054306860264787
65 390 0.9510877387768177 0.9510877387768177 0.9510877387768177 0.9510877387768177 0.22116116572125064 1.3968134230371707
66 396 0.9577196881764067 0.9577196881764067 0.9577196881764067 0.9577196881764067 0.22116116572125064 1.3968134230371707
67 402 0.9522712298045604 0.9522712298045604 0.9522712298045604 0.9522712298045604 0.21846915158767768 1.3972369984381892
68 408 0.9719550377856642 0.9719550377856642 0.9719550377856642 0.9719550377856642 0.21846915158767768 1.3972369984381892
69 414 0.9727154925965539 0.9727154925965539 0.9727154925965539 0.9727154925965539 0.16518022703533947 1.4045339058194906
70 420 0.9882881034155739 0.9882881034155739 0.9882881034155739 0.9882881034155739 0.16518022703533947 1.4045339058194906
71 426 0.9818803697264317 0.9818803697264317 0.9818803697264317 0.9818803697264317 0.13460917603777364 1.4077927296752286
72 432 0.9813787633104366 0.9813787633104366 0.9813787633104366 0.9813787633104366 0.13460917603777364 1.4077927296752286
73 438 0.9779695486379002 0.9779695486379002 0.9779695486379002 0.9779695486379002 0.148426585765825 1.4064030534089083
74 444 0.9745129889324814 0.9745129889324814 0.9745129889324814 0.9745129889324814 0.148426585765825 1.4064030534089083
75 450 0.9673828907291693 0.9673828907291693 0.9673828907291693 0.9673828907291693 0.18060207438130552 1.4026342683426671
76 456 0.9586441455517921 0.9586441455517921 0.9586441455517921 0.9586441455517921 0.18060207438130552 1.4026342683426671
77 462 0.9319433310911959 0.9319433310911959 0.9319433310911959 0.9319433310911959 0.2608767312521453 1.389943643134928
78 468 0.8542298642040155 0.8542298642040155 0.8542298642040155 0.8542298642040155 0.2608767312521453 1.389943643134928
79 474 0.8589294515953252 0.8589294515953252 0.8589294515953252 0.8589294515953252 0.37559359473328985 1.36342563112013
80 480 0.8396296451353493 0.8396296451353493 0.8396296451353493 0.8396296451353493 0.37559359473328985 1.36342563112013
81 486 0.857599593658619 0.857599593658619 0.857599593658619 0.857599593658619 0.37735978368313283 1.3629378539238752
82 492 0.901284280022769 0.901284280022769 0.901284280022769 0.901284280022769 0.37735978368313283 1.3629378539238752
1 505 -0.5134341742865655 -0.5134341742865655 -0.5134341742865655 -0.5134341742865655 0.6975427052972705 1.2302171248550255
2 517 -0.1687051022015066 -0.1687051022015066 -0.1687051022015066 -0.1687051022015066 0.6975427052972705 1.2302171248550255
3 529 -0.09900366642893937 -0.09900366642893937 -0.09900366642893937 -0.09900366642893937 0.9492082666997064 1.0483337571732294
4 541 -0.2680745155429531 -0.2680745155429531 -0.2680745155429531 -0.2680745155429531 0.9492082666997064 1.0483337571732294
5 553 -0.36910629116179927 -0.36910629116179927 -0.36910629116179927 -0.36910629116179927 0.7942881774508549 1.1700881552950613
6 565 -0.4150261262869868 -0.4150261262869868 -0.4150261262869868 -0.4150261262869868 0.7942881774508549 1.1700881552950613
7 577 -0.5654244110043061 -0.5654244110043061 -0.5654244110043061 -0.5654244110043061 0.6592234742450347 1.2511692175738283
8 589 -0.4736109890352831 -0.4736109890352831 -0.4736109890352831 -0.4736109890352831 0.6592234742450347 1.2511692175738283
9 601 -0.2286134906740806 -0.2286134906740806 -0.2286134906740806 -0.2286134906740806 0.8782861204219953 1.1084283877067027
10 613 -0.14235034417507922 -0.14235034417507922 -0.14235034417507922 -0.14235034417507922 0.8782861204219953 1.1084283877067027
11 625 -0.09558985820840446 -0.09558985820840446 -0.09558985820840446 -0.09558985820840446 0.951004806397736 1.046704284030788
12 637 -0.014967551919286528 -0.014967551919286528 -0.014967551919286528 -0.014967551919286528 0.951004806397736 1.046704284030788
13 649 0.06100707917282011 0.06100707917282011 0.06100707917282011 0.06100707917282011 0.9690164708750725 1.030051978869426
14 661 0.234508342761236 0.234508342761236 0.234508342761236 0.234508342761236 0.9690164708750725 1.030051978869426
15 673 0.15570688241324546 0.15570688241324546 0.15570688241324546 0.15570688241324546 0.918854241752605 1.0750380841687635
16 685 0.1453748001660365 0.1453748001660365 0.1453748001660365 0.1453748001660365 0.918854241752605 1.0750380841687635
17 697 0.07078974573538171 0.07078974573538171 0.07078974573538171 0.07078974573538171 0.9639555250449153 1.0347897108762638
18 709 0.09161024746718484 0.09161024746718484 0.09161024746718484 0.09161024746718484 0.9639555250449153 1.0347897108762638
19 721 0.043250831388935346 0.043250831388935346 0.043250831388935346 0.043250831388935346 0.9781355573799905 1.021396510366535
20 733 -0.0777383715876773 -0.0777383715876773 -0.0777383715876773 -0.0777383715876773 0.9781355573799905 1.021396510366535
21 745 -0.17619000728909048 -0.17619000728909048 -0.17619000728909048 -0.17619000728909048 0.9076397923796143 1.0845229399552092
22 757 -0.08260180579771548 -0.08260180579771548 -0.08260180579771548 -0.08260180579771548 0.9076397923796143 1.0845229399552092
23 769 -0.23500927632369809 -0.23500927632369809 -0.23500927632369809 -0.23500927632369809 0.8746374812894208 1.1113097121521516
24 781 -0.1628151952945987 -0.1628151952945987 -0.1628151952945987 -0.1628151952945987 0.8746374812894208 1.1113097121521516
25 793 -0.1314624876078346 -0.1314624876078346 -0.1314624876078346 -0.1314624876078346 0.9319535999137324 1.06370225514842
26 805 0.060900335976879216 0.060900335976879216 0.060900335976879216 0.060900335976879216 0.9319535999137324 1.06370225514842
27 817 0.22994559104605805 0.22994559104605805 0.22994559104605805 0.22994559104605805 0.8775274405703458 1.1090291209188594
28 829 -0.2460408838834191 -0.2460408838834191 -0.2460408838834191 -0.2460408838834191 0.8775274405703458 1.1090291209188594
29 841 -0.055219260582263716 -0.055219260582263716 -0.055219260582263716 -0.055219260582263716 0.9719983227443021 1.0272386580450834
30 853 -0.3357953117073107 -0.3357953117073107 -0.3357953117073107 -0.3357953117073107 0.9719983227443021 1.0272386580450834
31 865 -0.29083567238587216 -0.29083567238587216 -0.29083567238587216 -0.29083567238587216 0.8421189509885928 1.1361494938545158
32 877 -0.05658521221208747 -0.05658521221208747 -0.05658521221208747 -0.05658521221208747 0.8421189509885928 1.1361494938545158
33 889 0.03231720779351669 0.03231720779351669 0.03231720779351669 0.03231720779351669 0.9837086927574052 1.01603012149912
34 901 -0.21800599018059688 -0.21800599018059688 -0.21800599018059688 -0.21800599018059688 0.9837086927574052 1.01603012149912
35 913 -0.2636294236472138 -0.2636294236472138 -0.2636294236472138 -0.2636294236472138 0.8581203740459645 1.1241127272863758
36 925 -0.39679100128980777 -0.39679100128980777 -0.39679100128980777 -0.39679100128980777 0.8581203740459645 1.1241127272863758
37 937 -0.37572441863333805 -0.37572441863333805 -0.37572441863333805 -0.37572441863333805 0.7901111196323349 1.1729127924246279
38 949 -0.4509379157318891 -0.4509379157318891 -0.4509379157318891 -0.4509379157318891 0.7901111196323349 1.1729127924246279
39 961 -0.6543889930736776 -0.6543889930736776 -0.6543889930736776 -0.6543889930736776 0.5878868997743718 1.2862305365188922
40 973 -0.34934396746470786 -0.34934396746470786 -0.34934396746470786 -0.34934396746470786 0.5878868997743718 1.2862305365188922
41 985 -0.3062262231794021 -0.3062262231794021 -0.3062262231794021 -0.3062262231794021 0.8329308355563492 1.14290254316779
42 997 0.03833950027462396 0.03833950027462396 0.03833950027462396 0.03833950027462396 0.8329308355563492 1.14290254316779
43 1009 -0.14372636940408479 -0.14372636940408479 -0.14372636940408479 -0.14372636940408479 0.9253505447104439 1.0694514338688246
44 1021 0.006505610991254631 0.006505610991254631 0.006505610991254631 0.006505610991254631 0.9253505447104439 1.0694514338688246
45 1033 -0.1455423882743029 -0.1455423882743029 -0.1455423882743029 -0.1455423882743029 0.9243687639279559 1.0703001393414386
46 1045 0.018783659208829843 0.018783659208829843 0.018783659208829843 0.018783659208829843 0.9243687639279559 1.0703001393414386
47 1057 0.055853607256454614 0.055853607256454614 0.055853607256454614 0.055853607256454614 0.9716719573722119 1.027547374701748
48 1069 -0.030632539865980822 -0.030632539865980822 -0.030632539865980822 -0.030632539865980822 0.9716719573722119 1.027547374701748
49 1081 0.3605126450788277 0.3605126450788277 0.3605126450788277 0.3605126450788277 0.7996795326386518 1.1664101530245814
50 1093 0.4896645034162674 0.4896645034162674 0.4896645034162674 0.4896645034162674 0.7996795326386518 1.1664101530245814
51 1105 0.5861811040379927 0.5861811040379927 0.5861811040379927 0.5861811040379927 0.6432875686363038 1.2594368201851147
52 1117 0.5816911334373364 0.5816911334373364 0.5816911334373364 0.5816911334373364 0.6432875686363038 1.2594368201851147
53 1129 0.6203932027070549 0.6203932027070549 0.6203932027070549 0.6203932027070549 0.6161223882419347 1.272946661375509
54 1141 0.5067130821485382 0.5067130821485382 0.5067130821485382 0.5067130821485382 0.6161223882419347 1.272946661375509
55 1153 0.5940483272521215 0.5940483272521215 0.5940483272521215 0.5940483272521215 0.637143369068437 1.262556266964812
56 1165 0.5705128945817386 0.5705128945817386 0.5705128945817386 0.5705128945817386 0.637143369068437 1.262556266964812
57 1177 0.5943831010872729 0.5943831010872729 0.5943831010872729 0.5943831010872729 0.636880600201268 1.2626888377930934
58 1189 0.5865971208694138 0.5865971208694138 0.5865971208694138 0.5865971208694138 0.636880600201268 1.2626888377930934
59 1201 0.44140461643916973 0.44140461643916973 0.44140461643916973 0.44140461643916973 0.747392389284792 1.200585114200226
60 1213 0.496748097733356 0.496748097733356 0.496748097733356 0.496748097733356 0.747392389284792 1.200585114200226
61 1225 0.3692744064530381 0.3692744064530381 0.3692744064530381 0.3692744064530381 0.794182342756978 1.1701599918186565
62 1237 0.3166136295673553 0.3166136295673553 0.3166136295673553 0.3166136295673553 0.794182342756978 1.1701599918186565
63 1249 0.6341308523695253 0.6341308523695253 0.6341308523695253 0.6341308523695253 0.6048711826748525 1.278331276457525
64 1261 0.3470451350432241 0.3470451350432241 0.3470451350432241 0.3470451350432241 0.6048711826748525 1.278331276457525
65 1273 0.32250261660870994 0.32250261660870994 0.32250261660870994 0.32250261660870994 0.8231022921795871 1.150001137655398
66 1285 0.31583529612015343 0.31583529612015343 0.31583529612015343 0.31583529612015343 0.8231022921795871 1.150001137655398
67 1297 0.3481268414798836 0.3481268414798836 0.3481268414798836 0.3481268414798836 0.8073866227032229 1.1610886449706945
68 1309 0.5335108013706141 0.5335108013706141 0.5335108013706141 0.5335108013706141 0.8073866227032229 1.1610886449706945
1 1334 -0.35971572195742973 -0.35971572195742973 -0.35971572195742973 -0.35971572195742973 0.8001776540510053 1.1660684893939248
2 1358 -0.347772833829645 -0.347772833829645 -0.347772833829645 -0.347772833829645 0.8001776540510053 1.1660684893939248
3 1382 -0.5367211698024421 -0.5367211698024421 -0.5367211698024421 -0.5367211698024421 0.6806458919273354 1.2396455823349035
4 1406 -0.5467097248964711 -0.5467097248964711 -0.5467097248964711 -0.5467097248964711 0.6806458919273354 1.2396455823349035
5 1430 -0.06542395625380562 -0.06542395625380562 -0.06542395625380562 -0.06542395625380562 0.9667347328746362 1.0321937590655186
6 1454 -0.3854021962066103 -0.3854021962066103 -0.3854021962066103 -0.3854021962066103 0.9667347328746362 1.0321937590655186
7 1478 -0.4294905252041354 -0.4294905252041354 -0.4294905252041354 -0.4294905252041354 0.755320776091764 1.1956130332194173
8 1502 -0.5853120191245695 -0.5853120191245695 -0.5853120191245695 -0.5853120191245695 0.755320776091764 1.1956130332194173
9 1526 -0.5304574768556554 -0.5304574768556554 -0.5304574768556554 -0.5304574768556554 0.685231729522462 1.2371165979226273
10 1550 -0.40346056493473187 -0.40346056493473187 -0.40346056493473187 -0.40346056493473187 0.685231729522462 1.2371165979226273
11 1574 -0.39070408350390845 -0.39070408350390845 -0.39070408350390845 -0.39070408350390845 0.7805740941743401 1.1792811723689598
12 1598 -0.45214663120259624 -0.45214663120259624 -0.45214663120259624 -0.45214663120259624 0.7805740941743401 1.1792811723689598
13 1622 -0.6092811353281606 -0.6092811353281606 -0.6092811353281606 -0.6092811353281606 0.6250750872269981 1.2685744500533505
14 1646 -0.5182356963507193 -0.5182356963507193 -0.5182356963507193 -0.5182356963507193 0.6250750872269981 1.2685744500533505
15 1670 -0.3897706560465392 -0.3897706560465392 -0.3897706560465392 -0.3897706560465392 0.7811717762140802 1.1788853447416077
16 1694 -0.11368994254764091 -0.11368994254764091 -0.11368994254764091 -0.11368994254764091 0.7811717762140802 1.1788853447416077
17 1718 -0.020067965001525613 -0.020067965001525613 -0.020067965001525613 -0.020067965001525613 0.9899151655563595 1.0099841409653547
18 1742 0.36499798032721115 0.36499798032721115 0.36499798032721115 0.36499798032721115 0.9899151655563595 1.0099841409653547
19 1766 0.0699661082458331 0.0699661082458331 0.0699661082458331 0.0699661082458331 0.9643826479951653 1.0343916609514179
20 1790 0.2692602262153807 0.2692602262153807 0.2692602262153807 0.2692602262153807 0.9643826479951653 1.0343916609514179
21 1814 0.39990749508069573 0.39990749508069573 0.39990749508069573 0.39990749508069573 0.7746563786088024 1.1831768655111101
22 1838 0.5339733459970585 0.5339733459970585 0.5339733459970585 0.5339733459970585 0.7746563786088024 1.1831768655111101
23 1862 0.44139230653210826 0.44139230653210826 0.44139230653210826 0.44139230653210826 0.7474006244765199 1.2005799875610572
24 1886 0.17472497133006232 0.17472497133006232 0.17472497133006232 0.17472497133006232 0.7474006244765199 1.2005799875610572
25 1910 0.33454564075317017 0.33454564075317017 0.33454564075317017 0.33454564075317017 0.8157538594740633 1.155225363620956
26 1934 0.5152235332851576 0.5152235332851576 0.5152235332851576 0.5152235332851576 0.8157538594740633 1.155225363620956
27 1958 0.3836762762972148 0.3836762762972148 0.3836762762972148 0.3836762762972148 0.785062878821044 1.1762976988403977
28 1982 0.5838562290502597 0.5838562290502597 0.5838562290502597 0.5838562290502597 0.785062878821044 1.1762976988403977
29 2006 0.5406443213884673 0.5406443213884673 0.5406443213884673 0.5406443213884673 0.6777578318334158 1.2412269419362711
30 2030 0.5889842756061994 0.5889842756061994 0.5889842756061994 0.5889842756061994 0.6777578318334158 1.2412269419362711
31 2054 0.5685621871789788 0.5685621871789788 0.5685621871789788 0.5685621871789788 0.6568392595003905 1.252422527415959
32 2078 0.34103525825906034 0.34103525825906034 0.34103525825906034 0.34103525825906034 0.6568392595003905 1.252422527415959
33 2102 0.2680449994689351 0.2680449994689351 0.2680449994689351 0.2680449994689351 0.8555436870967285 1.126075041668598
34 2126 0.4231360072498575 0.4231360072498575 0.4231360072498575 0.4231360072498575 0.8555436870967285 1.126075041668598
35 2150 0.4308070368700354 0.4308070368700354 0.4308070368700354 0.4308070368700354 0.7544487809851407 1.1961634657813436
36 2174 0.10881659839579604 0.10881659839579604 0.10881659839579604 0.10881659839579604 0.7544487809851407 1.1961634657813436
37 2198 -0.15516462418739047 -0.15516462418739047 -0.15516462418739047 -0.15516462418739047 0.9191492674275542 1.074785850384806
38 2222 -0.1053472032018744 -0.1053472032018744 -0.1053472032018744 -0.1053472032018744 0.9191492674275542 1.074785850384806
39 2246 0.06288115730076621 0.06288115730076621 0.06288115730076621 0.06288115730076621 0.9680489877579718 1.030961278274197
40 2270 -0.06002138926564064 -0.06002138926564064 -0.06002138926564064 -0.06002138926564064 0.9680489877579718 1.030961278274197
41 2294 -0.18250887925982917 -0.18250887925982917 -0.18250887925982917 -0.18250887925982917 0.9041521557460176 1.0874322412269324
42 2318 0.06959765147671074 0.06959765147671074 0.06959765147671074 0.06959765147671074 0.9041521557460176 1.0874322412269324
43 2342 0.0057982615013262035 0.0057982615013262035 0.0057982615013262035 0.0057982615013262035 0.9970966545419125 1.0028949404106724
44 2366 0.3647839446371973 0.3647839446371973 0.3647839446371973 0.3647839446371973 0.9970966545419125 1.0028949404106724
45 2390 0.34400861636305546 0.34400861636305546 0.34400861636305546 0.34400861636305546 0.8099329500871938 1.1593138558488185
46 2414 0.5388785583558457 0.5388785583558457 0.5388785583558457 0.5388785583558457 0.8099329500871938 1.1593138558488185
47 2438 0.6204693204843145 0.6204693204843145 0.6204693204843145 0.6204693204843145 0.6160606135078639 1.2729765592831295
48 2462 0.7179967109202386 0.7179967109202386 0.7179967109202386 0.7179967109202386 0.6160606135078639 1.2729765592831295
49 2486 0.7147849022041058 0.7147849022041058 0.7147849022041058 0.7147849022041058 0.5340553321481718 1.3094979580755772
50 2510 0.45180649271728235 0.45180649271728235 0.45180649271728235 0.45180649271728235 0.5340553321481718 1.3094979580755772
51 2534 0.22742674887120276 0.22742674887120276 0.22742674887120276 0.22742674887120276 0.8789614616857768 1.1078929320431659
52 2558 0.11790017909197492 0.11790017909197492 0.11790017909197492 0.11790017909197492 0.8789614616857768 1.1078929320431659
53 2582 -0.047458542077856075 -0.047458542077856075 -0.047458542077856075 -0.047458542077856075 0.9759823041029708 1.0234542208022086
54 2606 0.028981566016838576 0.028981566016838576 0.028981566016838576 0.028981566016838576 0.9759823041029708 1.0234542208022086
55 2630 0.022348633968938266 0.022348633968938266 0.022348633968938266 0.022348633968938266 0.9887625427932946 1.0111125723523262
56 2654 0.29604932229576125 0.29604932229576125 0.29604932229576125 0.29604932229576125 0.9887625427932946 1.0111125723523262
57 2678 0.48512633239520375 0.48512633239520375 0.48512633239520375 0.48512633239520375 0.7175469793712439 1.2186575944026294
58 2702 0.5206799967191057 0.5206799967191057 0.5206799967191057 0.5206799967191057 0.7175469793712439 1.2186575944026294
59 2726 0.3888663270542272 0.3888663270542272 0.3888663270542272 0.3888663270542272 0.7817503904353185 1.1785017297629339
60 2750 0.317877268203374 0.317877268203374 0.317877268203374 0.317877268203374 0.7817503904353185 1.1785017297629339
61 2774 0.2259494083257813 0.2259494083257813 0.2259494083257813 0.2259494083257813 0.8798014501432802 1.107225996951743
1 2823 -0.08617565345994417 -0.08617565345994417 -0.08617565345994417 -0.08617565345994417 0.9559416020553011 1.0421975117317948
2 2871 -0.23957153561321387 -0.23957153561321387 -0.23957153561321387 -0.23957153561321387 0.9559416020553011 1.0421975117317948
3 2919 -0.31039182855536906 -0.31039182855536906 -0.31039182855536906 -0.31039182855536906 0.8304264997244675 1.1447234725274786
4 2967 -0.6363588283667841 -0.6363588283667841 -0.6363588283667841 -0.6363588283667841 0.8304264997244675 1.1447234725274786
5 3015 -0.48405556398012195 -0.48405556398012195 -0.48405556398012195 -0.48405556398012195 0.7182927230731759 1.2182181922710404
6 3063 -0.41464481325360997 -0.41464481325360997 -0.41464481325360997 -0.41464481325360997 0.7182927230731759 1.2182181922710404
7 3111 -0.17351001717078585 -0.17351001717078585 -0.17351001717078585 -0.17351001717078585 0.9091149447837792 1.0832866735868147
8 3159 0.21718347788612982 0.21718347788612982 0.21718347788612982 0.21718347788612982 0.9091149447837792 1.0832866735868147
9 3207 0.1124110882865028 0.1124110882865028 0.1124110882865028 0.1124110882865028 0.9421193723268284 1.0547090064498845
10 3255 0.17405942228165752 0.17405942228165752 0.17405942228165752 0.17405942228165752 0.9421193723268284 1.0547090064498845
11 3303 0.19041929791853626 0.19041929791853626 0.19041929791853626 0.19041929791853626 0.8997670265582441 1.0910633794232745
12 3351 -0.3794724802928982 -0.3794724802928982 -0.3794724802928982 -0.3794724802928982 0.8997670265582441 1.0910633794232745
13 3399 -0.5239162257418651 -0.5239162257418651 -0.5239162257418651 -0.5239162257418651 0.6899882421158601 1.2344700181623955
14 3447 -0.5219664648511029 -0.5219664648511029 -0.5219664648511029 -0.5219664648511029 0.6899882421158601 1.2344700181623955
15 3495 -0.31463075829155623 -0.31463075829155623 -0.31463075829155623 -0.31463075829155623 0.827870304883829 1.1465734857790653
16 3543 -0.49304858569284143 -0.49304858569284143 -0.49304858569284143 -0.49304858569284143 0.827870304883829 1.1465734857790653
17 3591 -0.4922867444575093 -0.4922867444575093 -0.4922867444575093 -0.4922867444575093 0.7125400027665049 1.221591889485809
18 3639 -0.6933814319464493 -0.6933814319464493 -0.6933814319464493 -0.6933814319464493 0.7125400027665049 1.221591889485809
19 3687 -0.7065769246871569 -0.7065769246871569 -0.7065769246871569 -0.7065769246871569 0.5416854025288507 1.306360181836218
20 3735 -0.6320035573000586 -0.6320035573000586 -0.6320035573000586 -0.6320035573000586 0.5416854025288507 1.306360181836218
21 3783 -0.35233473513680547 -0.35233473513680547 -0.35233473513680547 -0.35233473513680547 0.8047765310091956 1.162899279876295
22 3831 -0.2306790441575686 -0.2306790441575686 -0.2306790441575686 -0.2306790441575686 0.8047765310091956 1.162899279876295
23 3879 -0.46674269766548926 -0.46674269766548926 -0.46674269766548926 -0.46674269766548926 0.7302446866184725 1.2110915314977186
24 3927 -0.33891001783384217 -0.33891001783384217 -0.33891001783384217 -0.33891001783384217 0.7302446866184725 1.2110915314977186
25 3975 -0.3040184651332756 -0.3040184651332756 -0.3040184651332756 -0.3040184651332756 0.8342550778189634 1.1419362789285905
26 4023 -0.19865757032828824 -0.19865757032828824 -0.19865757032828824 -0.19865757032828824 0.8342550778189634 1.1419362789285905
27 4071 -0.024360656165756365 -0.024360656165756365 -0.024360656165756365 -0.024360656165756365 0.9877445741861828 1.0121070378995278
28 4119 -0.33868396454283106 -0.33868396454283106 -0.33868396454283106 -0.33868396454283106 0.9877445741861828 1.0121070378995278
29 4167 -0.07659140961174615 -0.07659140961174615 -0.07659140961174615 -0.07659140961174615 0.9609415124700639 1.0375892297107494
30 4215 0.0629454337920543 0.0629454337920543 0.0629454337920543 0.0629454337920543 0.9609415124700639 1.0375892297107494
31 4263 -0.17107730330895288 -0.17107730330895288 -0.17107730330895288 -0.17107730330895288 0.9104519189342439 1.0821632516903137
32 4311 0.17985490577445923 0.17985490577445923 0.17985490577445923 0.17985490577445923 0.9104519189342439 1.0821632516903137
33 4359 0.2521499014910443 0.2521499014910443 0.2521499014910443 0.2521499014910443 0.8647832667836235 1.118995040869728
34 4407 0.00678537330050631 0.00678537330050631 0.00678537330050631 0.00678537330050631 0.8647832667836235 1.118995040869728
35 4455 -0.03563270337070726 -0.03563270337070726 -0.03563270337070726 -0.03563270337070726 0.9820220448794889 1.0176604067028978
36 4503 0.04811820003063202 0.04811820003063202 0.04811820003063202 0.04811820003063202 0.9820220448794889 1.0176604067028978
37 4551 0.11311411219169766 0.11311411219169766 0.11311411219169766 0.11311411219169766 0.9417461907585835 1.0550422324209099
38 4599 0.06977377276323654 0.06977377276323654 0.06977377276323654 0.06977377276323654 0.9417461907585835 1.0550422324209099
39 4647 0.13203185941588141 0.13203185941588141 0.13203185941588141 0.13203185941588141 0.9316480776474122 1.0639698583211281
40 4695 0.13283540000880256 0.13283540000880256 0.13283540000880256 0.13283540000880256 0.9316480776474122 1.0639698583211281
41 4743 0.05330686949991008 0.05330686949991008 0.05330686949991008 0.05330686949991008 0.9729815673999637 1.026307395228111
42 4791 0.03255522106250423 0.03255522106250423 0.03255522106250423 0.03255522106250423 0.9729815673999637 1.026307395228111
43 4839 0.397708716185429 0.397708716185429 0.397708716185429 0.397708716185429 0.7760742772535183 1.1822473159984035
1 4936 0.008592332978466689 0.008592332978466689 0.008592332978466689 0.008592332978466689 0.9956945651260397 1.0042869774016123
2 5032 -0.051607506934816666 -0.051607506934816666 -0.051607506934816666 -0.051607506934816666 0.9956945651260397 1.0042869774016123
3 5128 -0.3444713569374911 -0.3444713569374911 -0.3444713569374911 -0.3444713569374911 0.8096472337150971 1.159513413866994
4 5224 -0.28150216361976294 -0.28150216361976294 -0.28150216361976294 -0.28150216361976294 0.8096472337150971 1.159513413866994
5 5320 -0.2761215792551226 -0.2761215792551226 -0.2761215792551226 -0.2761215792551226 0.8508104493627693 1.1296555135328303
6 5416 -0.3920616162044485 -0.3920616162044485 -0.3920616162044485 -0.3920616162044485 0.8508104493627693 1.1296555135328303
7 5512 -0.29316240765757723 -0.29316240765757723 -0.29316240765757723 -0.29316240765757723 0.8407363393730658 1.1371729893281748
8 5608 -0.3853298338703661 -0.3853298338703661 -0.3853298338703661 -0.3853298338703661 0.8407363393730658 1.1371729893281748
9 5704 -0.5641155784319111 -0.5641155784319111 -0.5641155784319111 -0.5641155784319111 0.6602154357238923 1.2506460644130741
10 5800 -0.7030663449757897 -0.7030663449757897 -0.7030663449757897 -0.7030663449757897 0.6602154357238923 1.2506460644130741
11 5896 -0.7688266116121185 -0.7688266116121185 -0.7688266116121185 -0.7688266116121185 0.4808049379820069 1.329972410094329
12 5992 -0.741359680763443 -0.741359680763443 -0.741359680763443 -0.741359680763443 0.4808049379820069 1.329972410094329
13 6088 -0.7126264871174192 -0.7126264871174192 -0.7126264871174192 -0.7126264871174192 0.5360723019169905 1.3086735601812314
14 6184 -0.7054299238831224 -0.7054299238831224 -0.7054299238831224 -0.7054299238831224 0.5360723019169905 1.3086735601812314
15 6280 -0.7521020308456764 -0.7521020308456764 -0.7521020308456764 -0.7521020308456764 0.4978935319466641 1.3236699100779155
16 6376 -0.7778371046128754 -0.7778371046128754 -0.7778371046128754 -0.7778371046128754 0.4978935319466641 1.3236699100779155
17 6472 -0.8824781756965306 -0.8824781756965306 -0.8824781756965306 -0.8824781756965306 0.3428145625603866 1.3720343201598604
18 6568 -0.72852909192826 -0.72852909192826 -0.72852909192826 -0.72852909192826 0.3428145625603866 1.3720343201598604
19 6664 -0.549824926939968 -0.549824926939968 -0.549824926939968 -0.549824926939968 0.6709508723148304 1.244919646780453
20 6760 -0.7094644359800341 -0.7094644359800341 -0.7094644359800341 -0.7094644359800341 0.6709508723148304 1.244919646780453
21 6856 -0.6878065380699436 -0.6878065380699436 -0.6878065380699436 -0.6878065380699436 0.5587427511208143 1.299156086877148
22 6952 -0.6621900818560458 -0.6621900818560458 -0.6621900818560458 -0.6621900818560458 0.5587427511208143 1.299156086877148
23 7048 -0.7154276173042518 -0.7154276173042518 -0.7154276173042518 -0.7154276173042518 0.5334532619599849 1.3097433402404655
24 7144 -0.762334193752347 -0.762334193752347 -0.762334193752347 -0.762334193752347 0.5334532619599849 1.3097433402404655
25 7240 -0.836450018513231 -0.836450018513231 -0.836450018513231 -0.836450018513231 0.4044131321888162 1.3551568243244878
26 7336 -0.7571084423199324 -0.7571084423199324 -0.7571084423199324 -0.7571084423199324 0.4044131321888162 1.3551568243244878
27 7432 -0.9057993377288843 -0.9057993377288843 -0.9057993377288843 -0.9057993377288843 0.30692126396050773 1.3805069133216554
28 7528 -0.9363840956328398 -0.9363840956328398 -0.9363840956328398 -0.9363840956328398 0.30692126396050773 1.3805069133216554
29 7624 -0.9265889233237457 -0.9265889233237457 -0.9265889233237457 -0.9265889233237457 0.2709447852907569 1.3880161826591741
30 7720 -0.9346703124924082 -0.9346703124924082 -0.9346703124924082 -0.9346703124924082 0.2709447852907569 1.3880161826591741
31 7816 -0.9620630175960977 -0.9620630175960977 -0.9620630175960977 -0.9620630175960977 0.19477418310418387 1.400736598221128
32 7912 -0.9679976677147687 -0.9679976677147687 -0.9679976677147687 -0.9679976677147687 0.19477418310418387 1.400736598221128
33 8008 -0.9780081945241673 -0.9780081945241673 -0.9780081945241673 -0.9780081945241673 0.1482963434337901 1.4064167926060067
34 8104 -0.9786369590205248 -0.9786369590205248 -0.9786369590205248 -0.9786369590205248 0.1482963434337901 1.4064167926060067
35 8200 -0.9644149428108327 -0.9644149428108327 -0.9644149428108327 -0.9644149428108327 0.18864002011547606 1.4015758783636485
36 8296 -0.9697469684622759 -0.9697469684622759 -0.9697469684622759 -0.9697469684622759 0.18864002011547606 1.4015758783636485
37 8392 -0.9685942579458947 -0.9685942579458947 -0.9685942579458947 -0.9685942579458947 0.17721665286903804 1.4030660205228744
38 8488 -0.9362225824682369 -0.9362225824682369 -0.9362225824682369 -0.9362225824682369 0.17721665286903804 1.4030660205228744
39 8584 -0.7720583286942135 -0.7720583286942135 -0.7720583286942135 -0.7720583286942135 0.4774323735418311 1.331186812094461
40 8680 -0.7276958832999061 -0.7276958832999061 -0.7276958832999061 -0.7276958832999061 0.4774323735418311 1.331186812094461
41 8776 -0.635917589624116 -0.635917589624116 -0.635917589624116 -0.635917589624116 0.6033924182287046 1.2790299408630417
42 8872 -0.7071165569605355 -0.7071165569605355 -0.7071165569605355 -0.7071165569605355 0.6033924182287046 1.2790299408630417
43 8968 -0.7638526554304853 -0.7638526554304853 -0.7638526554304853 -0.7638526554304853 0.4859499403945993 1.3281011465360932
44 9064 -0.41448994127050576 -0.41448994127050576 -0.41448994127050576 -0.41448994127050576 0.4859499403945993 1.3281011465360932
45 9160 0.012050077113658093 0.012050077113658093 0.012050077113658093 0.012050077113658093 0.9939567007100167 1.006006996553035
46 9256 0.051383044232346964 0.051383044232346964 0.051383044232346964 0.051383044232346964 0.9939567007100167 1.006006996553035
47 9352 0.04674354467243977 0.04674354467243977 0.04674354467243977 0.04674354467243977 0.9763485316871021 1.0231048551700064
48 9448 -0.051261913921866395 -0.051261913921866395 -0.051261913921866395 -0.051261913921866395 0.9763485316871021 1.0231048551700064
49 9544 -0.14195999381534113 -0.14195999381534113 -0.14195999381534113 -0.14195999381534113 0.9263044889153129 1.0686252822272835
50 9640 -0.3327949833791517 -0.3327949833791517 -0.3327949833791517 -0.3327949833791517 0.9263044889153129 1.0686252822272835
51 9736 -0.4186995105922714 -0.4186995105922714 -0.4186995105922714 -0.4186995105922714 0.7624306456378368 1.191091730553223
52 9832 -0.40749841293688155 -0.40749841293688155 -0.40749841293688155 -0.40749841293688155 0.7624306456378368 1.191091730553223
53 9928 -0.7231715445158153 -0.7231715445158153 -0.7231715445158153 -0.7231715445158153 0.5261448997036695 1.312696287994986
54 10024 -0.8024369652805157 -0.8024369652805157 -0.8024369652805157 -0.8024369652805157 0.5261448997036695 1.312696287994986
55 10120 -0.8304588043840825 -0.8304588043840825 -0.8304588043840825 -0.8304588043840825 0.41175380461620187 1.3529444941992568
56 10216 -0.8730741604809714 -0.8730741604809714 -0.8730741604809714 -0.8730741604809714 0.41175380461620187 1.3529444941992568
57 10312 -0.854227416929735 -0.854227416929735 -0.854227416929735 -0.854227416929735 0.38180175886219403 1.3617001934823008
58 10408 -0.7910378070021661 -0.7910378070021661 -0.7910378070021661 -0.7910378070021661 0.38180175886219403 1.3617001934823008
1 10601 0.06592394065132531 0.06592394065132531 0.06592394065132531 0.06592394065132531 0.9664761038684168 1.0324359256880424
2 10793 0.010899134095791282 0.010899134095791282 0.010899134095791282 0.010899134095791282 0.9664761038684168 1.0324359256880424
3 10985 -0.1811003874759034 -0.1811003874759034 -0.1811003874759034 -0.1811003874759034 0.9049307224998477 1.0867844254846053
4 11177 -0.22432322359960893 -0.22432322359960893 -0.22432322359960893 -0.22432322359960893 0.9049307224998477 1.0867844254846053
5 11369 -0.2425589414923539 -0.2425589414923539 -0.2425589414923539 -0.2425589414923539 0.8703108976151258 1.1147012790395254
6 11561 -0.2941296250233086 -0.2941296250233086 -0.2941296250233086 -0.2941296250233086 0.8703108976151258 1.1147012790395254
7 11753 -0.2612842793081171 -0.2612842793081171 -0.2612842793081171 -0.2612842793081171 0.8594857303596628 1.1230691338061596
8 11945 -0.4538166248177677 -0.4538166248177677 -0.4538166248177677 -0.4538166248177677 0.8594857303596628 1.1230691338061596
9 12137 -0.5706932980019009 -0.5706932980019009 -0.5706932980019009 -0.5706932980019009 0.6552150044054996 1.2532730340998728
10 12329 -0.3532429908508403 -0.3532429908508403 -0.3532429908508403 -0.3532429908508403 0.6552150044054996 1.2532730340998728
11 12521 -0.529312785819878 -0.529312785819878 -0.529312785819878 -0.529312785819878 0.6860664794173535 1.2366538666174451
12 12713 -0.5837979171202319 -0.5837979171202319 -0.5837979171202319 -0.5837979171202319 0.6860664794173535 1.2366538666174451
13 12905 -0.6926662441227586 -0.6926662441227586 -0.6926662441227586 -0.6926662441227586 0.5543769077777693 1.3010250743635798
14 13097 -0.6627110340081417 -0.6627110340081417 -0.6627110340081417 -0.6627110340081417 0.5543769077777693 1.3010250743635798
15 13289 -0.7069384952278404 -0.7069384952278404 -0.7069384952278404 -0.7069384952278404 0.5413515537727397 1.3064985630408632
16 13481 -0.7118535193598932 -0.7118535193598932 -0.7118535193598932 -0.7118535193598932 0.5413515537727397 1.3064985630408632
17 13673 -0.7931700714371936 -0.7931700714371936 -0.7931700714371936 -0.7931700714371936 0.4547855852627769 1.3390930032813977
18 13865 -0.829452473048841 -0.829452473048841 -0.829452473048841 -0.829452473048841 0.4547855852627769 1.3390930032813977
19 14057 -0.8266789918014299 -0.8266789918014299 -0.8266789918014299 -0.8266789918014299 0.4163183976220245 1.351546888495338
20 14249 -0.7079605207521811 -0.7079605207521811 -0.7079605207521811 -0.7079605207521811 0.4163183976220245 1.351546888495338
21 14441 -0.726104859865762 -0.726104859865762 -0.726104859865762 -0.726104859865762 0.5233499213090971 1.313813099289911
22 14633 -0.6047665027101696 -0.6047665027101696 -0.6047665027101696 -0.6047665027101696 0.5233499213090971 1.313813099289911
23 14825 -0.5175364381661272 -0.5175364381661272 -0.5175364381661272 -0.5175364381661272 0.6945959702113688 1.2318832891821072
24 15017 -0.3886460172950569 -0.3886460172950569 -0.3886460172950569 -0.3886460172950569 0.6945959702113688 1.2318832891821072
25 15209 -0.38962981573616745 -0.38962981573616745 -0.38962981573616745 -0.38962981573616745 0.7812619178379505 1.17882560870392
26 15401 -0.3567041614248082 -0.3567041614248082 -0.3567041614248082 -0.3567041614248082 0.7812619178379505 1.17882560870392
27 15593 -0.17581009668814146 -0.17581009668814146 -0.17581009668814146 -0.17581009668814146 0.9078490531535838 1.0843477747882095
28 15785 -0.17223448807114838 -0.17223448807114838 -0.17223448807114838 -0.17223448807114838 0.9078490531535838 1.0843477747882095
29 15977 -0.29945761739442234 -0.29945761739442234 -0.29945761739442234 -0.29945761739442234 0.8369840993744012 1.1399375497782422
30 16169 -0.3486885057553669 -0.3486885057553669 -0.3486885057553669 -0.3486885057553669 0.8369840993744012 1.1399375497782422
31 16361 -0.4026585744312323 -0.4026585744312323 -0.4026585744312323 -0.4026585744312323 0.7728786616078671 1.1843388765177103
32 16553 -0.4548823444010516 -0.4548823444010516 -0.4548823444010516 -0.4548823444010516 0.7728786616078671 1.1843388765177103
33 16745 -0.5114270004910769 -0.5114270004910769 -0.5114270004910769 -0.5114270004910769 0.698979970749465 1.2294010738937382
34 16937 -0.6825602068553277 -0.6825602068553277 -0.6825602068553277 -0.6825602068553277 0.698979970749465 1.2294010738937382
35 17129 -0.498847586838268 -0.498847586838268 -0.498847586838268 -0.498847586838268 0.7079211913495258 1.2242743102909037
36 17321 -0.5137893082348189 -0.5137893082348189 -0.5137893082348189 -0.5137893082348189 0.7079211913495258 1.2242743102909037
37 17513 -0.5475608164090284 -0.5475608164090284 -0.5475608164090284 -0.5475608164090284 0.6726359963538762 1.2440099744009405
38 17705 -0.5856837789074295 -0.5856837789074295 -0.5856837789074295 -0.5856837789074295 0.6726359963538762 1.2440099744009405
39 17897 -0.6782835169783883 -0.6782835169783883 -0.6782835169783883 -0.6782835169783883 0.5672005668382322 1.2954858227624062
40 18089 -0.7530689418285762 -0.7530689418285762 -0.7530689418285762 -0.7530689418285762 0.5672005668382322 1.2954858227624062
41 18281 -0.7318002034053733 -0.7318002034053733 -0.7318002034053733 -0.7318002034053733 0.5178800986663099 1.3159788005151805
42 18473 -0.7794464168332982 -0.7794464168332982 -0.7794464168332982 -0.7794464168332982 0.5178800986663099 1.3159788005151805
43 18665 -0.72434395516249 -0.72434395516249 -0.72434395516249 -0.72434395516249 0.5250295656794102 1.313142777904402
44 18857 -0.6276600787875481 -0.6276600787875481 -0.6276600787875481 -0.6276600787875481 0.5250295656794102 1.313142777904402
45 19049 -0.4801192015973779 -0.4801192015973779 -0.4801192015973779 -0.4801192015973779 0.7210275989188085 1.2166014966279541
46 19241 -0.5354203299379083 -0.5354203299379083 -0.5354203299379083 -0.5354203299379083 0.7210275989188085 1.2166014966279541
47 19433 -0.46495031178643154 -0.46495031178643154 -0.46495031178643154 -0.46495031178643154 0.7314709072913075 1.2103513175051415
48 19625 -0.44520815379432643 -0.44520815379432643 -0.44520815379432643 -0.44520815379432643 0.7314709072913075 1.2103513175051415
49 19817 -0.22358688136094895 -0.22358688136094895 -0.22358688136094895 -0.22358688136094895 0.8811430750105519 1.1061586149196456
50 20009 -0.15315789157887794 -0.15315789157887794 -0.15315789157887794 -0.15315789157887794 0.8811430750105519 1.1061586149196456
51 20201 -0.4043312346134704 -0.4043312346134704 -0.4043312346134704 -0.4043312346134704 0.77179580549944 1.1850448238836666
52 20393 -0.26208916244954594 -0.26208916244954594 -0.26208916244954594 -0.26208916244954594 0.77179580549944 1.1850448238836666
53 20585 -0.15800395254962454 -0.15800395254962454 -0.15800395254962454 -0.15800395254962454 0.9176034260236692 1.0761059206925796
54 20777 -0.12398248165888827 -0.12398248165888827 -0.12398248165888827 -0.12398248165888827 0.9176034260236692 1.0761059206925796
55 20969 -0.18047005569794372 -0.18047005569794372 -0.18047005569794372 -0.18047005569794372 0.9052789317674726 1.0864943882496327
56 21161 -0.2948818730343663 -0.2948818730343663 -0.2948818730343663 -0.2948818730343663 0.9052789317674726 1.0864943882496327
57 21353 -0.14200405838750133 -0.14200405838750133 -0.14200405838750133 -0.14200405838750133 0.9262807034654769 1.0686458994388652
58 21545 0.2594000048754399 0.2594000048754399 0.2594000048754399 0.2594000048754399 0.9262807034654769 1.0686458994388652
59 21737 0.23064262564768218 0.23064262564768218 0.23064262564768218 0.23064262564768218 0.8771301923616116 1.1093433308258007
60 21929 0.2051800904145779 0.2051800904145779 0.2051800904145779 0.2051800904145779 0.8771301923616116 1.1093433308258007
61 22121 0.15048996240590942 0.15048996240590942 0.15048996240590942 0.15048996240590942 0.921688688003759 1.0726089512986126
62 22313 0.089097883246109 0.089097883246109 0.089097883246109 0.089097883246109 0.921688688003759 1.0726089512986126
63 22505 0.31887918616661914 0.31887918616661914 0.31887918616661914 0.31887918616661914 0.8253004385273164 1.148424654109541
64 22697 0.3360605478552758 0.3360605478552758 0.3360605478552758 0.3360605478552758 0.8253004385273164 1.148424654109541
65 22889 0.32262650121080994 0.32262650121080994 0.32262650121080994 0.32262650121080994 0.8230270340573208 1.1500549992112594
66 23081 0.49082120889872344 0.49082120889872344 0.49082120889872344 0.49082120889872344 0.8230270340573208 1.1500549992112594
67 23273 0.4458421553293733 0.4458421553293733 0.4458421553293733 0.4458421553293733 0.744417789061107 1.2024317674318876
68 23465 0.277612791618383 0.277612791618383 0.277612791618383 0.277612791618383 0.744417789061107 1.2024317674318876
69 23657 0.3786451805144149 0.3786451805144149 0.3786451805144149 0.3786451805144149 0.7882606291611838 1.1741572213781317
70 23849 0.3363222947280566 0.3363222947280566 0.3363222947280566 0.3363222947280566 0.7882606291611838 1.1741572213781317
71 24041 0.1472940132229025 0.1472940132229025 0.1472940132229025 0.1472940132229025 0.9234208069873115 1.0711181135724026
72 24233 0.19930523228917058 0.19930523228917058 0.19930523228917058 0.19930523228917058 0.9234208069873115 1.0711181135724026
73 24425 0.27957674097960145 0.27957674097960145 0.27957674097960145 0.27957674097960145 0.8487775085500313 1.1311837786052281
74 24617 0.4686250930960563 0.4686250930960563 0.4686250930960563 0.4686250930960563 0.8487775085500313 1.1311837786052281
75 24809 0.47447989274610736 0.47447989274610736 0.47447989274610736 0.47447989274610736 0.724927656565738 1.2142816365020543
76 25001 0.5598764955914165 0.5598764955914165 0.5598764955914165 0.5598764955914165 0.724927656565738 1.2142816365020543
77 25193 0.33518671339767037 0.33518671339767037 0.33518671339767037 0.33518671339767037 0.815360832148767 1.1555027967935303
78 25385 0.28654304673308273 0.28654304673308273 0.28654304673308273 0.28654304673308273 0.815360832148767 1.1555027967935303
79 25577 0.33062771059201124 0.33062771059201124 0.33062771059201124 0.33062771059201124 0.8181517520655867 1.1535283744199842
80 25769 0.007109110750391343 0.007109110750391343 0.007109110750391343 0.007109110750391343 0.8181517520655867 1.1535283744199842
81 25961 -0.22380545348693345 -0.22380545348693345 -0.22380545348693345 -0.22380545348693345 0.8810190386779768 1.10625740833087
82 26153 -0.16303073847222677 -0.16303073847222677 -0.16303073847222677 -0.16303073847222677 0.8810190386779768 1.10625740833087
83 26345 -0.27564618677450187 -0.27564618677450187 -0.27564618677450187 -0.27564618677450187 0.851089779767974 1.129445079131563
84 26537 -0.271914591909866 -0.271914591909866 -0.271914591909866 -0.271914591909866 0.851089779767974 1.129445079131563
85 26729 -0.07742321810924979 -0.07742321810924979 -0.07742321810924979 -0.07742321810924979 0.9605086058389849 1.037989989407051
86 26921 -0.05534487313965937 -0.05534487313965937 -0.05534487313965937 -0.05534487313965937 0.9605086058389849 1.037989989407051
87 27113 -0.2301184809704251 -0.2301184809704251 -0.2301184809704251 -0.2301184809704251 0.8774289253435715 1.109107064701341
88 27305 -0.05504055046973515 -0.05504055046973515 -0.05504055046973515 -0.05504055046973515 0.8774289253435715 1.109107064701341
89 27497 -0.1311694478523331 -0.1311694478523331 -0.1311694478523331 -0.1311694478523331 0.9321108046512855 1.0635645010305361
90 27689 -0.010282176463403288 -0.010282176463403288 -0.010282176463403288 -0.010282176463403288 0.9321108046512855 1.0635645010305361
91 27881 -0.1476708913793774 -0.1476708913793774 -0.1476708913793774 -0.1476708913793774 0.9232167181223608 1.0712940265769137
92 28073 -0.23247816549121214 -0.23247816549121214 -0.23247816549121214 -0.23247816549121214 0.9232167181223608 1.0712940265769137
93 28265 -0.3308220877020752 -0.3308220877020752 -0.3308220877020752 -0.3308220877020752 0.818032953063582 1.1536126246284215
94 28457 -0.30250581218784955 -0.30250581218784955 -0.30250581218784955 -0.30250581218784955 0.818032953063582 1.1536126246284215
95 28649 -0.09398196285686 -0.09398196285686 -0.09398196285686 -0.09398196285686 0.9518497975747751 1.0459359267454484
96 28841 -0.18325405778224124 -0.18325405778224124 -0.18325405778224124 -0.18325405778224124 0.9518497975747751 1.0459359267454484
97 29033 -0.1094746200487364 -0.1094746200487364 -0.1094746200487364 -0.1094746200487364 0.9436765229416613 1.0533160114840827
98 29225 0.1346907464641005 0.1346907464641005 0.1346907464641005 0.1346907464641005 0.9436765229416613 1.0533160114840827
99 29417 0.4465552624993032 0.4465552624993032 0.4465552624993032 0.4465552624993032 0.7439386651469978 1.2027282579615828
100 29609 0.4872259069286784 0.4872259069286784 0.4872259069286784 0.4872259069286784 0.7439386651469978 1.2027282579615828
101 29801 0.4838269231346859 0.4838269231346859 0.4838269231346859 0.4838269231346859 0.7184518612024845 1.2181243463352525
102 29993 0.1536495372224077 0.1536495372224077 0.1536495372224077 0.1536495372224077 0.7184518612024845 1.2181243463352525
103 30185 0.1455550730403795 0.1455550730403795 0.1455550730403795 0.1455550730403795 0.9243619025899006 1.0703060651236072
104 30377 -0.0009232493716930228 -0.0009232493716930228 -0.0009232493716930228 -0.0009232493716930228 0.9243619025899006 1.0703060651236072
105 30569 0.21345026933759914 0.21345026933759914 0.21345026933759914 0.21345026933759914 0.886876389731061 1.1015671878453894
106 30761 -0.028219091390333337 -0.028219091390333337 -0.028219091390333337 -0.028219091390333337 0.886876389731061 1.1015671878453894
107 30953 -0.029777546904640018 -0.029777546904640018 -0.029777546904640018 -0.029777546904640018 0.9849987071541567 1.0147795558172426
108 31145 0.2793042242734288 0.2793042242734288 0.2793042242734288 0.2793042242734288 0.9849987071541567 1.0147795558172426
109 31337 0.36527614912829154 0.36527614912829154 0.36527614912829154 0.36527614912829154 0.7966955823096475 1.1684503194951388
110 31529 0.26873787959638173 0.26873787959638173 0.26873787959638173 0.26873787959638173 0.7966955823096475 1.1684503194951388
111 31721 0.16215629190650044 0.16215629190650044 0.16215629190650044 0.16215629190650044 0.9153380294150897 1.0780335300474195
112 31913 0.2387170223219553 0.2387170223219553 0.2387170223219553 0.2387170223219553 0.9153380294150897 1.0780335300474195
113 32105 0.1625974745847974 0.1625974745847974 0.1625974745847974 0.1625974745847974 0.9150970032817302 1.0782381344511969
114 32297 0.19192035506993874 0.19192035506993874 0.19192035506993874 0.19192035506993874 0.9150970032817302 1.0782381344511969
115 32489 0.26466800841255916 0.26466800841255916 0.26466800841255916 0.26466800841255916 0.8575150095406149 1.1245745899728303
116 32681 0.41130509649646596 0.41130509649646596 0.41130509649646596 0.41130509649646596 0.8575150095406149 1.1245745899728303
117 32873 0.45658008544431095 0.45658008544431095 0.45658008544431095 0.45658008544431095 0.7371702073169325 1.2068885969484968
118 33065 0.5165019221916753 0.5165019221916753 0.5165019221916753 0.5165019221916753 0.7371702073169325 1.2068885969484968
119 33257 0.6316873127143267 0.6316873127143267 0.6316873127143267 0.6316873127143267 0.606887705663637 1.2773751652174574
120 33449 0.7636141894776244 0.7636141894776244 0.7636141894776244 0.7636141894776244 0.606887705663637 1.2773751652174574
121 33641 0.8570031541311488 0.8570031541311488 0.8570031541311488 0.8570031541311488 0.3781492375621711 1.3627190297824232
122 33833 0.8522718924284978 0.8522718924284978 0.8522718924284978 0.8522718924284978 0.3781492375621711 1.3627190297824232
123 34025 0.9039610167669042 0.9039610167669042 0.9039610167669042 0.9039610167669042 0.30990157023334947 1.3798409389371313
124 34217 0.8628504642744443 0.8628504642744443 0.8628504642744443 0.8628504642744443 0.30990157023334947 1.3798409389371313
125 34409 0.7896495509035563 0.7896495509035563 0.7896495509035563 0.7896495509035563 0.4586397814150488 1.3377778406385554
126 34601 0.7743168805454508 0.7743168805454508 0.7743168805454508 0.7743168805454508 0.4586397814150488 1.3377778406385554
127 34793 0.6129454845577346 0.6129454845577346 0.6129454845577346 0.6129454845577346 0.6221370551914308 1.2700179071799478
128 34985 0.5307791084757387 0.5307791084757387 0.5307791084757387 0.5307791084757387 0.6221370551914308 1.2700179071799478
129 35177 0.600726565718523 0.600726565718523 0.600726565718523 0.600726565718523 0.6318808703240486 1.2651982317876211
130 35369 0.7360688381957889 0.7360688381957889 0.7360688381957889 0.7360688381957889 0.6318808703240486 1.2651982317876211
131 35561 0.7030380765443245 0.7030380765443245 0.7030380765443245 0.7030380765443245 0.5449421285381372 1.3050050101606216
132 35753 0.45751814849055994 0.45751814849055994 0.45751814849055994 0.45751814849055994 0.5449421285381372 1.3050050101606216
133 35945 0.19149443854859802 0.19149443854859802 0.19149443854859802 0.19149443854859802 0.8991693730612728 1.0915559713311078
134 36137 0.08544336989658216 0.08544336989658216 0.08544336989658216 0.08544336989658216 0.8991693730612728 1.0915559713311078
135 36329 -0.03925241179990299 -0.03925241179990299 -0.03925241179990299 -0.03925241179990299 0.9801773248755029 1.019437301554099
136 36521 0.042404780009716224 0.042404780009716224 0.042404780009716224 0.042404780009716224 0.9801773248755029 1.019437301554099
137 36713 0.11140922666586273 0.11140922666586273 0.11140922666586273 0.11140922666586273 0.9426509286762185 1.0542339525294482
138 36905 -0.10256586379801613 -0.10256586379801613 -0.10256586379801613 -0.10256586379801613 0.9426509286762185 1.0542339525294482
139 37097 0.0939247619940923 0.0939247619940923 0.0939247619940923 0.0939247619940923 0.9518798443111965 1.0459085820443832
140 37289 -0.07862246582703891 -0.07862246582703891 -0.07862246582703891 -0.07862246582703891 0.9518798443111965 1.0459085820443832
141 37481 -0.05288103758528252 -0.05288103758528252 -0.05288103758528252 -0.05288103758528252 0.9732003711542231 1.0260999159854185
142 37673 -0.044523310409750036 -0.044523310409750036 -0.044523310409750036 -0.044523310409750036 0.9732003711542231 1.0260999159854185
143 37865 0.044570361242912734 0.044570361242912734 0.044570361242912734 0.044570361242912734 0.977460811877943 1.022042250223988
144 38057 -0.013397337431171302 -0.013397337431171302 -0.013397337431171302 -0.013397337431171302 0.977460811877943 1.022042250223988
145 38249 -0.07780306936744169 -0.07780306936744169 -0.07780306936744169 -0.07780306936744169 0.9603108510438475 1.0381729477150912
1 38634 0.08893408751022391 0.08893408751022391 0.08893408751022391 0.08893408751022391 0.9544977278599338 1.0435200465301202
2 39018 0.22537691563354095 0.22537691563354095 0.22537691563354095 0.22537691563354095 0.9544977278599338 1.0435200465301202
3 39402 0.3075435000961676 0.3075435000961676 0.3075435000961676 0.3075435000961676 0.8321397117695036 1.143478683708694
4 39786 0.28190031710131586 0.28190031710131586 0.28190031710131586 0.28190031710131586 0.8321397117695036 1.143478683708694
5 40170 0.20646166466966032 0.20646166466966032 0.20646166466966032 0.20646166466966032 0.8908076870628923 1.0983904882461701
6 40554 0.24296101186666333 0.24296101186666333 0.24296101186666333 0.24296101186666333 0.8908076870628923 1.0983904882461701
7 40938 0.323833460934936 0.323833460934936 0.323833460934936 0.323833460934936 0.8222934628616868 1.1505796195548295
8 41322 0.1914920442096289 0.1914920442096289 0.1914920442096289 0.1914920442096289 0.8222934628616868 1.1505796195548295
9 41706 0.34714604706244695 0.34714604706244695 0.34714604706244695 0.34714604706244695 0.807993782734467 1.1606662082883463
10 42090 0.3648049406705927 0.3648049406705927 0.3648049406705927 0.3648049406705927 0.807993782734467 1.1606662082883463
11 42474 0.3632804925432624 0.3632804925432624 0.3632804925432624 0.3632804925432624 0.7979470580538145 1.1675960314009561
12 42858 0.23743140820624045 0.23743140820624045 0.23743140820624045 0.23743140820624045 0.7979470580538145 1.1675960314009561
1 43627 -0.0798173711695922 -0.0798173711695922 -0.0798173711695922 -0.0798173711695922 0.9592615017972982 1.0391426134894055
2 44395 0.04781070835216754 0.04781070835216754 0.04781070835216754 0.04781070835216754 0.9592615017972982 1.0391426134894055
3 45163 -0.022079404748236775 -0.022079404748236775 -0.022079404748236775 -0.022079404748236775 0.9888986779502554 1.0109794284495788
4 45931 -0.0591950152215951 -0.0591950152215951 -0.0591950152215951 -0.0591950152215951 0.9888986779502554 1.0109794284495788
5 46699 -0.07566479489574195 -0.07566479489574195 -0.07566479489574195 -0.07566479489574195 0.9614235305546968 1.0371426106836716
6 47467 -0.13072513803877472 -0.13072513803877472 -0.13072513803877472 -0.13072513803877472 0.9614235305546968 1.0371426106836716
7 48235 -0.1895987238785548 -0.1895987238785548 -0.1895987238785548 -0.1895987238785548 0.9002229035752453 1.0906872713470872
8 49003 -0.1972489138197096 -0.1972489138197096 -0.1972489138197096 -0.1972489138197096 0.9002229035752453 1.0906872713470872
9 49771 -0.11448177285620154 -0.11448177285620154 -0.11448177285620154 -0.11448177285620154 0.9410197804211123 1.0556901879131972
10 50539 -0.215152728858071 -0.215152728858071 -0.215152728858071 -0.215152728858071 0.9410197804211123 1.0556901879131972
1 52076 -0.009171750357308285 -0.009171750357308285 -0.009171750357308285 -0.009171750357308285 0.9954035611965087 1.0045754079994733
2 53612 -0.0533487714059178 -0.0533487714059178 -0.0533487714059178 -0.0533487714059178 0.9954035611965087 1.0045754079994733
3 55148 0.021050017924765727 0.021050017924765727 0.021050017924765727 0.021050017924765727 0.9894190123881967 1.0104701964554748
4 56684 0.03228730379634871 0.03228730379634871 0.03228730379634871 0.03228730379634871 0.9894190123881967 1.0104701964554748
5 58220 0.019167863672679676 0.019167863672679676 0.019167863672679676 0.019167863672679676 0.9903696967937379 1.009538440908854
6 59756 0.03574606454557064 0.03574606454557064 0.03574606454557064 0.03574606454557064 0.9903696967937379 1.009538440908854
7 61292 0.03389587354433482 0.03389587354433482 0.03389587354433482 0.03389587354433482 0.9829059601282643 1.016806704120471
8 62828 0.032553620596282404 0.032553620596282404 0.032553620596282404 0.032553620596282404 0.9829059601282643 1.016806704120471
9 64364 0.08020884874429457 0.08020884874429457 0.08020884874429457 0.08020884874429457 0.9590574285493572 1.0393309620829616
10 65900 0.044577116617467036 0.044577116617467036 0.044577116617467036 0.044577116617467036 0.9590574285493572 1.0393309620829616
1 68973 0.03941303278806904 0.03941303278806904 0.03941303278806904 0.03941303278806904 0.9800953867924953 1.019516077748688
2 72045 0.09170150580753564 0.09170150580753564 0.09170150580753564 0.09170150580753564 0.9800953867924953 1.019516077748688
3 75117 0.12792431372851526 0.12792431372851526 0.12792431372851526 0.12792431372851526 0.9338499270608124 1.0620378118167522
4 78189 0.09059954835301741 0.09059954835301741 0.09059954835301741 0.09059954835301741 0.9338499270608124 1.0620378118167522
5 81261 0.1106962304649512 0.1106962304649512 0.1106962304649512 0.1106962304649512 0.9430290396032609 1.053895739845717
6 84333 0.10099562600043074 0.10099562600043074 0.10099562600043074 0.10099562600043074 0.9430290396032609 1.053895739845717
7 87405 0.08517176829963319 0.08517176829963319 0.08517176829963319 0.08517176829963319 0.956466534542828 1.0417157809592947
8 90477 0.07229131050228785 0.07229131050228785 0.07229131050228785 0.07229131050228785 0.956466534542828 1.0417157809592947
9 93549 0.05662582284180364 0.05662582284180364 0.05662582284180364 0.05662582284180364 0.9712745117412463 1.027923062705475
10 96621 0.04363307518976066 0.04363307518976066 0.04363307518976066 0.04363307518976066 0.9712745117412463 1.027923062705475
