% # columns="iteration, evaluation, sigma, max axis length,  min axis length, all principle axes lengths  (sorted square roots of eigenvalues of C)", seed=911874, Sat Oct  9 03:11:20 2021
1 6 0.007169672280823015 1.0000250003125026 1.0 1.0 1.0000250003125026
2 12 0.007400004193196895 0.950629889444112 0.8537997755976527 0.8537997755976527 0.950629889444112
3 18 0.007587340016891262 0.9750050759049397 0.8156458438647283 0.8156458438647283 0.9750050759049397
4 24 0.007582553553935934 1.1423706578457657 0.7181533874901633 0.7181533874901633 1.1423706578457657
5 30 0.005840976467281284 1.0787955093967547 0.7200807210497616 0.7200807210497616 1.0787955093967547
6 36 0.006054296037269856 0.9000068156903046 0.6771205459354742 0.6771205459354742 0.9000068156903046
7 42 0.005077747644206023 0.9320413127563163 0.6315195858808105 0.6315195858808105 0.9320413127563163
8 48 0.0052795016740399105 0.8711599369190465 0.5645312036812196 0.5645312036812196 0.8711599369190465
9 54 0.008510226241171778 0.8033774886513327 0.6133506313048698 0.6133506313048698 0.8033774886513327
10 60 0.014360808559427465 0.8844484928735318 0.5959866546838675 0.5959866546838675 0.8844484928735318
11 66 0.014955907138714156 0.9513573659204798 0.5311747924543736 0.5311747924543736 0.9513573659204798
12 72 0.014086829985072201 0.8573495413063987 0.4916006702357064 0.4916006702357064 0.8573495413063987
13 78 0.013537949344930607 0.7534524863291233 0.49352110041886704 0.49352110041886704 0.7534524863291233
14 84 0.017842412490960226 0.7728889617328819 0.4629367288690176 0.4629367288690176 0.7728889617328819
15 90 0.022922362303352654 0.9011015072330482 0.47726179090303145 0.47726179090303145 0.9011015072330482
16 96 0.023700390280416248 1.067135338312454 0.4021575061064144 0.4021575061064144 1.067135338312454
17 102 0.0198366698736468 0.9717146348109981 0.3848002120219201 0.3848002120219201 0.9717146348109981
18 108 0.014615952433707665 0.9956849862917264 0.3273432652571805 0.3273432652571805 0.9956849862917264
19 114 0.012608245703151262 0.8272954714208381 0.30784452071793966 0.30784452071793966 0.8272954714208381
20 120 0.010348942482363939 0.7424112610816358 0.29674717190233946 0.29674717190233946 0.7424112610816358
21 126 0.00818871095022683 0.6458096300227867 0.27675648352648435 0.27675648352648435 0.6458096300227867
22 132 0.008079434588040137 0.6130895188575193 0.22865103258563232 0.22865103258563232 0.6130895188575193
23 138 0.008277379589574554 0.6449722108451094 0.21208228093969733 0.21208228093969733 0.6449722108451094
24 144 0.009614878573898606 0.623808815618942 0.2036417301353314 0.2036417301353314 0.623808815618942
25 150 0.008570613279361266 0.5585813160641143 0.21598513174994974 0.21598513174994974 0.5585813160641143
26 156 0.009295499498088597 0.5351190598558646 0.21763467737217762 0.21763467737217762 0.5351190598558646
27 162 0.008155048507627296 0.6576187978111685 0.17402630990562715 0.17402630990562715 0.6576187978111685
28 168 0.0089009989911248 0.5976273593986456 0.1721820703013498 0.1721820703013498 0.5976273593986456
29 174 0.014851219417695854 0.694642941208676 0.14970856704597027 0.14970856704597027 0.694642941208676
30 180 0.016397149348064688 0.7910663620097661 0.13820138782894112 0.13820138782894112 0.7910663620097661
31 186 0.018512568073168766 0.7368655714680787 0.11673486992289712 0.11673486992289712 0.7368655714680787
32 192 0.018036322277466526 0.6694389844410785 0.12376345059921808 0.12376345059921808 0.6694389844410785
33 198 0.023109457212989556 0.6367576331923558 0.11450023175855394 0.11450023175855394 0.6367576331923558
34 204 0.031835405647415924 0.8214224548202664 0.09988995942474214 0.09988995942474214 0.8214224548202664
35 210 0.04823390667051673 1.0183341796851009 0.08793840866995188 0.08793840866995188 1.0183341796851009
36 216 0.05122405363568993 1.203282458357935 0.07770521612728952 0.07770521612728952 1.203282458357935
37 222 0.04070503123934978 0.9952583104340882 0.0795421101434782 0.0795421101434782 0.9952583104340882
38 228 0.03485271883651597 1.020406922777039 0.0668456659731577 0.0668456659731577 1.020406922777039
39 234 0.03331481517230833 1.017544370846479 0.05543167145358594 0.05543167145358594 1.017544370846479
40 240 0.03274402034104899 1.0571001483106237 0.048385484691165784 0.048385484691165784 1.0571001483106237
41 246 0.02497274663925264 1.0489885340553682 0.04280937700278875 0.04280937700278875 1.0489885340553682
42 252 0.028484026248610277 1.023126288951719 0.034985615309867435 0.034985615309867435 1.023126288951719
43 258 0.027124110262957624 0.9529609917395816 0.03848697565794825 0.03848697565794825 0.9529609917395816
44 264 0.030649697577032325 0.8043013620973104 0.039153413326596234 0.039153413326596234 0.8043013620973104
45 270 0.03285370876140181 0.9094053778222277 0.03942676611662367 0.03942676611662367 0.9094053778222277
46 276 0.024799081742578756 0.8520125361039873 0.04623205887940783 0.04623205887940783 0.8520125361039873
47 282 0.024527205210455677 0.733274562191955 0.04232558505776988 0.04232558505776988 0.733274562191955
48 288 0.01974576250053792 0.8186798511400067 0.03481838216895007 0.03481838216895007 0.8186798511400067
49 294 0.014058215687050544 0.7706909708132103 0.03010800346385591 0.03010800346385591 0.7706909708132103
50 300 0.010440866428906452 0.6521524567525867 0.027377780241319084 0.027377780241319084 0.6521524567525867
51 306 0.00911037443688957 0.5924674352138974 0.026050516605418655 0.026050516605418655 0.5924674352138974
52 312 0.010177954246010314 0.5177083344043788 0.02423573160458875 0.02423573160458875 0.5177083344043788
53 318 0.007396222166877161 0.44855254742186595 0.027378318424859924 0.027378318424859924 0.44855254742186595
54 324 0.0067120340496335945 0.42830454942734775 0.022822407813292818 0.022822407813292818 0.42830454942734775
55 330 0.007764282143527632 0.4001525471747475 0.020597084525856242 0.020597084525856242 0.4001525471747475
56 336 0.007275059437334293 0.3393428906557354 0.02382630167601642 0.02382630167601642 0.3393428906557354
57 342 0.007310139574941367 0.34887775435753327 0.020012787808938916 0.020012787808938916 0.34887775435753327
58 348 0.00568428827076917 0.37744508520170494 0.01795852805924943 0.01795852805924943 0.37744508520170494
59 354 0.005680654317397756 0.3062906191018659 0.016991923190699827 0.016991923190699827 0.3062906191018659
60 360 0.007330778039423111 0.2714629097167454 0.018370338150668644 0.018370338150668644 0.2714629097167454
61 366 0.005446474675553518 0.2628690399921116 0.021771519374597946 0.021771519374597946 0.2628690399921116
62 372 0.006022390677435524 0.22894290680588844 0.020549456272666296 0.020549456272666296 0.22894290680588844
63 378 0.005235206249535297 0.2370147115088248 0.02072388552219515 0.02072388552219515 0.2370147115088248
64 384 0.005046456230360697 0.2039112652347785 0.020022480241823015 0.020022480241823015 0.2039112652347785
65 390 0.004523020358442335 0.1645568546668348 0.020999109867876738 0.020999109867876738 0.1645568546668348
66 396 0.004616000177339431 0.15104453673981036 0.021011614587672138 0.021011614587672138 0.15104453673981036
67 402 0.0036933866764484453 0.15296053794936623 0.020026019808275366 0.020026019808275366 0.15296053794936623
68 408 0.003689008028334473 0.13543754129657548 0.019472961565572097 0.019472961565572097 0.13543754129657548
69 414 0.0027017323579555798 0.1471573237658547 0.016253349294132604 0.016253349294132604 0.1471573237658547
70 420 0.003197494880877749 0.13214945611010362 0.014426295396336972 0.014426295396336972 0.13214945611010362
71 426 0.0025925765710311014 0.16641485025739025 0.0120516264897205 0.0120516264897205 0.16641485025739025
72 432 0.0018967934568310208 0.1361031806473348 0.012248708462483264 0.012248708462483264 0.1361031806473348
73 438 0.0017391884586477793 0.12244154781955335 0.011228558287540661 0.011228558287540661 0.12244154781955335
74 444 0.0012738440367402928 0.1089084169392907 0.010857903064962815 0.010857903064962815 0.1089084169392907
75 450 0.0012455641225852482 0.09126480143563862 0.009942230476351536 0.009942230476351536 0.09126480143563862
76 456 0.0009771132107972797 0.08225237684422801 0.01019474781672844 0.01019474781672844 0.08225237684422801
77 462 0.0008913441441795515 0.0683679396886161 0.009550177585450553 0.009550177585450553 0.0683679396886161
78 468 0.001223922140092344 0.054010671103258426 0.009903597928761654 0.009903597928761654 0.054010671103258426
79 474 0.0012212192729445734 0.04702512553160061 0.013163812653478392 0.013163812653478392 0.04702512553160061
80 480 0.001071087534180311 0.04531743232454997 0.01244975721524636 0.01244975721524636 0.04531743232454997
81 486 0.0008502534598926248 0.039420608795265745 0.011610470907709024 0.011610470907709024 0.039420608795265745
82 492 0.0008687426550017204 0.036849429829975584 0.010112409677800731 0.010112409677800731 0.036849429829975584
1 505 0.01255460228818567 1.0000250003125026 1.0 1.0 1.0000250003125026
2 517 0.012385430453044983 1.392953390215764 0.7875065640510374 0.7875065640510374 1.392953390215764
3 529 0.010017208801141885 1.108435929962571 0.8530276687305866 0.8530276687305866 1.108435929962571
4 541 0.012180231971467564 1.1179716136306033 0.8086450916554664 0.8086450916554664 1.1179716136306033
5 553 0.012238205485847932 1.1462638763252 0.8344393682657101 0.8344393682657101 1.1462638763252
6 565 0.013710558111998323 1.2033853126975411 0.7470672064824994 0.7470672064824994 1.2033853126975411
7 577 0.016518404545109684 1.2789320994184232 0.8108627727755129 0.8108627727755129 1.2789320994184232
8 589 0.02126319140732387 1.6149902415527486 0.788853411260648 0.788853411260648 1.6149902415527486
9 601 0.030343627428378584 1.8249721181234788 0.8344965769253918 0.8344965769253918 1.8249721181234788
10 613 0.02700043751998871 2.1421287258098434 0.9185081977570996 0.9185081977570996 2.1421287258098434
11 625 0.021801285826920237 2.1778253013610054 0.7599773374117395 0.7599773374117395 2.1778253013610054
12 637 0.018248379148317503 1.7862547187100337 0.7237414941564982 0.7237414941564982 1.7862547187100337
13 649 0.013927379931933678 1.5673273896219853 0.6268874814710129 0.6268874814710129 1.5673273896219853
14 661 0.01269923542748536 1.4565192779658005 0.5164950192884212 0.5164950192884212 1.4565192779658005
15 673 0.016490774333988243 1.288216501898394 0.4757231177633959 0.4757231177633959 1.288216501898394
16 685 0.011930487417795984 1.1353712769598767 0.6133677102775626 0.6133677102775626 1.1353712769598767
17 697 0.010058342167590346 0.8834192408247891 0.592295931548965 0.592295931548965 0.8834192408247891
18 709 0.008059778950750506 0.7339620304083528 0.5232954508523127 0.5232954508523127 0.7339620304083528
19 721 0.009326862691697682 0.6173327641910693 0.4772153131371524 0.4772153131371524 0.6173327641910693
20 733 0.006672546951958794 0.7474038687141799 0.42592676760179815 0.42592676760179815 0.7474038687141799
21 745 0.00701094142162569 0.6071384509572105 0.38365512061280865 0.38365512061280865 0.6071384509572105
22 757 0.006426657512397631 0.6363301043559434 0.33246306678136683 0.33246306678136683 0.6363301043559434
23 769 0.006396485543300363 0.5976496896521127 0.27115923702494654 0.27115923702494654 0.5976496896521127
24 781 0.0048241639292074855 0.5889527990790838 0.23371701358039856 0.23371701358039856 0.5889527990790838
25 793 0.003960439696072747 0.5504350671166924 0.20626030581985902 0.20626030581985902 0.5504350671166924
26 805 0.003057212062118209 0.527951946496167 0.16366339235966793 0.16366339235966793 0.527951946496167
27 817 0.002912236199458163 0.4518455428116661 0.13746948221897554 0.13746948221897554 0.4518455428116661
28 829 0.0035819893261139577 0.5011499803753092 0.10475420357996812 0.10475420357996812 0.5011499803753092
29 841 0.003027004953400083 0.5071132022519376 0.12186703733952638 0.12186703733952638 0.5071132022519376
30 853 0.004530884673680463 0.3702032993361485 0.12145851723980426 0.12145851723980426 0.3702032993361485
31 865 0.004746986751818956 0.36796362665417304 0.1536652471828464 0.1536652471828464 0.36796362665417304
32 877 0.0044265188533974325 0.3083620230098398 0.1711240674509317 0.1711240674509317 0.3083620230098398
33 889 0.0038196451990154955 0.210137102656995 0.19575474722818811 0.19575474722818811 0.210137102656995
34 901 0.006227794426449435 0.18917117929372312 0.15630160001748453 0.15630160001748453 0.18917117929372312
35 913 0.007024476346915873 0.21339593326588635 0.16552509784680966 0.16552509784680966 0.21339593326588635
36 925 0.005625572036610561 0.2507521426379201 0.15399247825261278 0.15399247825261278 0.2507521426379201
37 937 0.005201399126096784 0.22610624128729934 0.12720375667846634 0.12720375667846634 0.22610624128729934
38 949 0.005541384777131984 0.2186915332915316 0.1035465335092184 0.1035465335092184 0.2186915332915316
39 961 0.005420668697482498 0.22433406481593243 0.10284203463615128 0.10284203463615128 0.22433406481593243
40 973 0.005876792597025473 0.2557181714956778 0.07908907297404164 0.07908907297404164 0.2557181714956778
41 985 0.005030628342270778 0.20659393279230978 0.08510874887628454 0.08510874887628454 0.20659393279230978
42 997 0.005091953743220135 0.1975030851761074 0.07415580440110917 0.07415580440110917 0.1975030851761074
43 1009 0.005083274226063078 0.19217003971705918 0.07159332037380811 0.07159332037380811 0.19217003971705918
44 1021 0.004238586527073677 0.21120083776817294 0.06030355938090585 0.06030355938090585 0.21120083776817294
45 1033 0.004099745132857902 0.18017477121073186 0.056213403847170926 0.056213403847170926 0.18017477121073186
46 1045 0.005240822986694011 0.18114865262386054 0.050150995277984084 0.050150995277984084 0.18114865262386054
47 1057 0.006718221090599934 0.23719011111600727 0.0424202935874976 0.0424202935874976 0.23719011111600727
48 1069 0.005008439192697594 0.34456770146818655 0.035709151097344335 0.035709151097344335 0.34456770146818655
49 1081 0.006377651376020192 0.3367786858502059 0.032454362670410485 0.032454362670410485 0.3367786858502059
50 1093 0.005503478400960705 0.2893116797248259 0.03711649228659169 0.03711649228659169 0.2893116797248259
51 1105 0.006632676085265784 0.2978779503574671 0.035035299009530556 0.035035299009530556 0.2978779503574671
52 1117 0.007876242457677754 0.2971329057771141 0.03910851917923133 0.03910851917923133 0.2971329057771141
53 1129 0.00746907680662792 0.26236432353118677 0.040819741055518985 0.040819741055518985 0.26236432353118677
54 1141 0.006854267652236429 0.26994304355469223 0.03583320799968135 0.03583320799968135 0.26994304355469223
55 1153 0.006159516751067545 0.25340292590533514 0.03220258122501498 0.03220258122501498 0.25340292590533514
56 1165 0.0053188702849038295 0.2675611257288457 0.026696655998618708 0.026696655998618708 0.2675611257288457
57 1177 0.004401730157722783 0.2532306496808286 0.023853253804299694 0.023853253804299694 0.2532306496808286
58 1189 0.003640112889822773 0.294356789033015 0.018944549941818153 0.018944549941818153 0.294356789033015
59 1201 0.0033124734673875447 0.26231826521251767 0.01566724847172027 0.01566724847172027 0.26231826521251767
60 1213 0.003499675322835017 0.20158884652414782 0.01603257113056337 0.01603257113056337 0.20158884652414782
61 1225 0.0031504656075893086 0.21858870109966258 0.012736691516993474 0.012736691516993474 0.21858870109966258
62 1237 0.0027427806797766224 0.20888042098816795 0.010506842536974715 0.010506842536974715 0.20888042098816795
63 1249 0.0033298424570051407 0.20159337357026724 0.007784947234559584 0.007784947234559584 0.20159337357026724
64 1261 0.003762196304687392 0.26520148283486955 0.005985678813171754 0.005985678813171754 0.26520148283486955
65 1273 0.0029485167946821417 0.2848293427905622 0.0054252383687572025 0.0054252383687572025 0.2848293427905622
66 1285 0.0022919656617877144 0.23712157215041504 0.0045705505600474655 0.0045705505600474655 0.23712157215041504
67 1297 0.002050509917313814 0.2459123153584341 0.0034718412779265856 0.0034718412779265856 0.2459123153584341
68 1309 0.0019354530560469314 0.23940677623743917 0.003364953391186331 0.003364953391186331 0.23940677623743917
1 1334 0.01127674983909354 1.0000250003125026 1.0 1.0 1.0000250003125026
2 1358 0.010446143626464347 1.287115659519744 0.8817055303142965 0.8817055303142965 1.287115659519744
3 1382 0.011362569338446387 1.2558588612676382 0.8675670991483991 0.8675670991483991 1.2558588612676382
4 1406 0.011528429600118906 1.690162896087743 0.8951586980631259 0.8951586980631259 1.690162896087743
5 1430 0.015657457374697762 1.718722722818973 0.8548241406711191 0.8548241406711191 1.718722722818973
6 1454 0.01738656838727785 1.4358613558720588 1.3346726798623685 1.3346726798623685 1.4358613558720588
7 1478 0.017900929704325517 1.6946435624067042 1.111573106024706 1.111573106024706 1.6946435624067042
8 1502 0.023189111728130173 1.623897821441425 1.0108936852019585 1.0108936852019585 1.623897821441425
9 1526 0.019580249722706985 1.988630940711007 0.941334192658891 0.941334192658891 1.988630940711007
10 1550 0.018634163161115956 1.6785447531664706 0.911815897892499 0.911815897892499 1.6785447531664706
11 1574 0.017811974940820572 1.491917980138804 0.8996982815017638 0.8996982815017638 1.491917980138804
12 1598 0.01682216160442326 1.5797732923193495 0.9290217433147453 0.9290217433147453 1.5797732923193495
13 1622 0.020642057236075966 1.3850509514133362 0.7928799852838647 0.7928799852838647 1.3850509514133362
14 1646 0.015799569873557788 1.661960823214642 0.7779588004729628 0.7779588004729628 1.661960823214642
15 1670 0.01916677934288974 1.3127000887376306 0.7226818958750784 0.7226818958750784 1.3127000887376306
16 1694 0.017683327394406447 1.34865566458682 0.7932672704745922 0.7932672704745922 1.34865566458682
17 1718 0.019318157355551473 1.1381322199860695 0.9155022834895193 0.9155022834895193 1.1381322199860695
18 1742 0.017856068265257593 1.2353833856605851 0.8520763668515787 0.8520763668515787 1.2353833856605851
19 1766 0.02193479029193201 1.2655037935604385 0.8610441771000784 0.8610441771000784 1.2655037935604385
20 1790 0.01871486095032029 1.1756883963539517 0.9807431364172599 0.9807431364172599 1.1756883963539517
21 1814 0.015114556203926946 1.065975933506835 0.7048700681198933 0.7048700681198933 1.065975933506835
22 1838 0.014978008735347452 0.9551251434243845 0.608246222291233 0.608246222291233 0.9551251434243845
23 1862 0.012542552434491167 0.9491574012237162 0.5231255965154417 0.5231255965154417 0.9491574012237162
24 1886 0.01615964594706513 0.7605569082862785 0.4669672523320791 0.4669672523320791 0.7605569082862785
25 1910 0.014555324334679065 0.7221183925649036 0.602199988880737 0.602199988880737 0.7221183925649036
26 1934 0.016716717609182426 0.6676799057564621 0.46262563191185846 0.46262563191185846 0.6676799057564621
27 1958 0.01839670620677404 0.7237091488539503 0.39181037191054546 0.39181037191054546 0.7237091488539503
28 1982 0.022751260683724496 0.6893654040265763 0.3973923124240192 0.3973923124240192 0.6893654040265763
29 2006 0.023146621155820116 0.8505187980288421 0.3413872043187648 0.3413872043187648 0.8505187980288421
30 2030 0.02255871417763662 0.8905173132198863 0.30528188739647993 0.30528188739647993 0.8905173132198863
31 2054 0.020943836463061326 0.9592996900100439 0.338069405074129 0.338069405074129 0.9592996900100439
32 2078 0.02099976208451399 0.7948217551786235 0.3252462326059345 0.3252462326059345 0.7948217551786235
33 2102 0.018805505444772438 0.631450122260861 0.3306841409410289 0.3306841409410289 0.631450122260861
34 2126 0.018639936731954684 0.5492894631417655 0.3105645506542769 0.3105645506542769 0.5492894631417655
35 2150 0.019595027190125732 0.49723390162672954 0.24951889963769877 0.24951889963769877 0.49723390162672954
36 2174 0.019801449295695148 0.6411317844985054 0.2007121014557734 0.2007121014557734 0.6411317844985054
37 2198 0.020224686583234487 0.5809566564356646 0.18643051236434807 0.18643051236434807 0.5809566564356646
38 2222 0.020703797845173046 0.5155375913160678 0.1757526630512032 0.1757526630512032 0.5155375913160678
39 2246 0.021968299771038667 0.45580285243924246 0.18174884469663252 0.18174884469663252 0.45580285243924246
40 2270 0.02283890376862519 0.4942611853187596 0.12979861718603045 0.12979861718603045 0.4942611853187596
41 2294 0.019538062793654914 0.4819742913707965 0.09145349624906722 0.09145349624906722 0.4819742913707965
42 2318 0.017697632196730727 0.5060734533333974 0.06213560252944278 0.06213560252944278 0.5060734533333974
43 2342 0.015507667944333808 0.44002095936448243 0.047214742927495494 0.047214742927495494 0.44002095936448243
44 2366 0.014396197546998734 0.4049881653523614 0.04152619781554337 0.04152619781554337 0.4049881653523614
45 2390 0.013566652211059817 0.38188947387099315 0.0372961240928584 0.0372961240928584 0.38188947387099315
46 2414 0.01101110359056458 0.36674499721403414 0.036056050890148426 0.036056050890148426 0.36674499721403414
47 2438 0.01031663939569798 0.365116584988696 0.028811950204609048 0.028811950204609048 0.365116584988696
48 2462 0.010340777568239801 0.3481566122400974 0.03488203011311633 0.03488203011311633 0.3481566122400974
49 2486 0.01050290413872988 0.2864798830317221 0.033457231551711306 0.033457231551711306 0.2864798830317221
50 2510 0.010466038498279626 0.2743915116868388 0.029010914322941866 0.029010914322941866 0.2743915116868388
51 2534 0.009079461695883575 0.20450127985629893 0.02895363000778186 0.02895363000778186 0.20450127985629893
52 2558 0.007345941826600169 0.18328094298668524 0.023753394237627398 0.023753394237627398 0.18328094298668524
53 2582 0.006862416469073948 0.16017309482085723 0.016862513678060336 0.016862513678060336 0.16017309482085723
54 2606 0.006840057233404162 0.16427568073220805 0.013292628466969623 0.013292628466969623 0.16427568073220805
55 2630 0.006763604413930948 0.19575462107477856 0.007640390623670984 0.007640390623670984 0.19575462107477856
56 2654 0.007486705603666246 0.22138875136566008 0.005012654478280915 0.005012654478280915 0.22138875136566008
57 2678 0.006378052620334738 0.18725059381141768 0.004216767826737693 0.004216767826737693 0.18725059381141768
58 2702 0.007413057930392571 0.16783526310696117 0.0029278107953451546 0.0029278107953451546 0.16783526310696117
59 2726 0.008622755820254296 0.13153008822211512 0.0030340327701477137 0.0030340327701477137 0.13153008822211512
60 2750 0.00904771650490401 0.1517509974426817 0.002058858492401816 0.002058858492401816 0.1517509974426817
61 2774 0.012397399638336417 0.15993547789846252 0.0014850124104656308 0.0014850124104656308 0.15993547789846252
1 2823 0.00934948308825411 1.0000250003125026 1.0 1.0 1.0000250003125026
2 2871 0.00923423345422525 1.1227733711062968 0.985264561545796 0.985264561545796 1.1227733711062968
3 2919 0.010912029987767927 1.1892581821780528 0.8712623995902962 0.8712623995902962 1.1892581821780528
4 2967 0.010967420835997495 1.3931159439577807 0.6730547297213826 0.6730547297213826 1.3931159439577807
5 3015 0.011591988307522167 1.9241444313331582 0.736608452140454 0.736608452140454 1.9241444313331582
6 3063 0.011342290422264218 1.7249512599607066 0.8828312013477307 0.8828312013477307 1.7249512599607066
7 3111 0.013397990681248749 1.676095792071676 0.8077704353984839 0.8077704353984839 1.676095792071676
8 3159 0.013175815342582843 2.053436918594846 0.7134239039586803 0.7134239039586803 2.053436918594846
9 3207 0.01255473338957899 1.779685301651384 0.6243689897608871 0.6243689897608871 1.779685301651384
10 3255 0.011177743686866037 1.9481447621926051 0.6196122502110686 0.6196122502110686 1.9481447621926051
11 3303 0.00992548625721484 1.7159434737976198 0.6103615919180441 0.6103615919180441 1.7159434737976198
12 3351 0.009927882531096362 1.7960030191329148 0.545631881212636 0.545631881212636 1.7960030191329148
13 3399 0.008615109159076262 1.5107487416268228 0.5349449511619924 0.5349449511619924 1.5107487416268228
14 3447 0.009016182743011466 1.6949567084349009 0.5053673501709269 0.5053673501709269 1.6949567084349009
15 3495 0.011550609925658753 1.5973043602223735 0.5281531924852922 0.5281531924852922 1.5973043602223735
16 3543 0.0104678412596688 1.7252103247142232 0.45367220797997826 0.45367220797997826 1.7252103247142232
17 3591 0.008664368265695818 1.9038266987498498 0.2648250795616252 0.2648250795616252 1.9038266987498498
18 3639 0.008412738798890278 1.3754451029255703 0.2415501825024834 0.2415501825024834 1.3754451029255703
19 3687 0.009136390692640328 1.3858846748768192 0.2204792817943867 0.2204792817943867 1.3858846748768192
20 3735 0.008486815707308913 1.5676019806614863 0.23368853402525364 0.23368853402525364 1.5676019806614863
21 3783 0.009979558259012925 1.2742698017760477 0.15419464770762786 0.15419464770762786 1.2742698017760477
22 3831 0.008272693102936315 1.3368890650846523 0.107444308889193 0.107444308889193 1.3368890650846523
23 3879 0.008728764946986762 1.2016999768139378 0.06803252600395762 0.06803252600395762 1.2016999768139378
24 3927 0.007802908412240292 1.037505914217331 0.0629566940974493 0.0629566940974493 1.037505914217331
25 3975 0.00903792036126303 1.0223905516863216 0.05841269214567424 0.05841269214567424 1.0223905516863216
26 4023 0.010938592536788227 1.2880758077127639 0.0736190911488369 0.0736190911488369 1.2880758077127639
27 4071 0.010005338829221671 1.3144978955451965 0.09239142999114032 0.09239142999114032 1.3144978955451965
28 4119 0.009641226500058955 1.4813625498624285 0.07801607982324227 0.07801607982324227 1.4813625498624285
29 4167 0.008124708791387495 1.5328164799552397 0.06631592789849018 0.06631592789849018 1.5328164799552397
30 4215 0.008166055120912749 1.4960372505674728 0.06867072704906568 0.06867072704906568 1.4960372505674728
31 4263 0.008750476220405663 1.2823056874384964 0.07205458220420684 0.07205458220420684 1.2823056874384964
32 4311 0.008478452039058426 1.730135517269493 0.06706007169993715 0.06706007169993715 1.730135517269493
33 4359 0.00789272755704277 1.4918934578872682 0.06823044635263081 0.06823044635263081 1.4918934578872682
34 4407 0.008647907641277212 1.5792804619572924 0.054474576557373346 0.054474576557373346 1.5792804619572924
35 4455 0.010520299845525749 1.47825157233111 0.06213512795301886 0.06213512795301886 1.47825157233111
36 4503 0.009415761736783953 1.8319349206240831 0.06375093655802924 0.06375093655802924 1.8319349206240831
37 4551 0.008815010808988435 1.4675873601909857 0.05757758347707071 0.05757758347707071 1.4675873601909857
38 4599 0.009184739726478616 1.320131486564964 0.05225984613227604 0.05225984613227604 1.320131486564964
39 4647 0.007664923490352231 1.2000806551402992 0.04524903695539745 0.04524903695539745 1.2000806551402992
40 4695 0.007392815546418823 1.4678320104673472 0.04084146861758962 0.04084146861758962 1.4678320104673472
41 4743 0.007160776143783022 1.5651416559898226 0.027737893445878212 0.027737893445878212 1.5651416559898226
42 4791 0.00643487615091073 1.6272938756971884 0.010633605951289905 0.010633605951289905 1.6272938756971884
43 4839 0.007595221121933691 1.409664622356633 0.004299727999562657 0.004299727999562657 1.409664622356633
1 4936 0.011065341582189678 1.0000250003125026 1.0 1.0 1.0000250003125026
2 5032 0.015024976182006234 1.1558584339804754 1.1194547858372021 1.1194547858372021 1.1558584339804754
3 5128 0.016806059108157304 1.1773671016766607 0.920000075910779 0.920000075910779 1.1773671016766607
4 5224 0.016707775354078826 1.1042500669058066 0.734210426940445 0.734210426940445 1.1042500669058066
5 5320 0.01552235822780031 0.8963855311933995 0.6374990170828362 0.6374990170828362 0.8963855311933995
6 5416 0.014213061579679666 0.7199156612998806 0.5349270984314644 0.5349270984314644 0.7199156612998806
7 5512 0.014492045119265475 0.6017989099834715 0.3963324744792083 0.3963324744792083 0.6017989099834715
8 5608 0.01405114520462906 0.5995432666001802 0.40805618936857935 0.40805618936857935 0.5995432666001802
9 5704 0.01396115953923512 0.5569965316190921 0.3541149989730436 0.3541149989730436 0.5569965316190921
10 5800 0.012789307998090957 0.6114714609646379 0.30387632835621164 0.30387632835621164 0.6114714609646379
11 5896 0.013360432753420666 0.698576523290966 0.27261374059423116 0.27261374059423116 0.698576523290966
12 5992 0.0135798570678766 0.8110696530396323 0.25005630334861806 0.25005630334861806 0.8110696530396323
13 6088 0.013183720999138998 0.6793910786164791 0.23916452969285323 0.23916452969285323 0.6793910786164791
14 6184 0.01387202216257123 0.6236511132771206 0.2404364838043535 0.2404364838043535 0.6236511132771206
15 6280 0.014034736044652656 0.6882226717100591 0.2610225358257495 0.2610225358257495 0.6882226717100591
16 6376 0.014552290001208822 0.7919171799232576 0.2619975834245955 0.2619975834245955 0.7919171799232576
17 6472 0.01619007642565728 0.9311716675487745 0.2519531487678314 0.2519531487678314 0.9311716675487745
18 6568 0.02073970933160274 1.036108914318991 0.20499808090527533 0.20499808090527533 1.036108914318991
19 6664 0.022313373592094822 0.9429939765551821 0.2997970522410654 0.2997970522410654 0.9429939765551821
20 6760 0.021911043637875646 0.6782836148870529 0.28499532956370777 0.28499532956370777 0.6782836148870529
21 6856 0.02321004325707834 0.6741291007665926 0.21428650413061517 0.21428650413061517 0.6741291007665926
22 6952 0.021111537701993505 0.6317398913474259 0.21734124533315288 0.21734124533315288 0.6317398913474259
23 7048 0.01960919092732307 0.5562251341889464 0.2091844277828986 0.2091844277828986 0.5562251341889464
24 7144 0.01860322657732386 0.5017006441802324 0.17130091700972516 0.17130091700972516 0.5017006441802324
25 7240 0.017531939899247968 0.6420378715235023 0.1807145640128322 0.1807145640128322 0.6420378715235023
26 7336 0.015764655164492176 0.613358443434788 0.138758235016063 0.138758235016063 0.613358443434788
27 7432 0.014417053469867854 0.43871329871531706 0.14864506235409602 0.14864506235409602 0.43871329871531706
28 7528 0.014828567384460282 0.5083696092041523 0.1040890889712935 0.1040890889712935 0.5083696092041523
29 7624 0.01518032788160442 0.5872041415946886 0.09924877441992237 0.09924877441992237 0.5872041415946886
30 7720 0.013488224886169433 0.5431261353030344 0.0992812747167411 0.0992812747167411 0.5431261353030344
31 7816 0.013676042673289784 0.5647756696530524 0.09525141094934488 0.09525141094934488 0.5647756696530524
32 7912 0.01375201975408987 0.6666719279388981 0.08214147180676319 0.08214147180676319 0.6666719279388981
33 8008 0.01592964823850871 0.6654637305667322 0.07802817921108211 0.07802817921108211 0.6654637305667322
34 8104 0.014114800901915922 0.7534444424879099 0.07053714976434008 0.07053714976434008 0.7534444424879099
35 8200 0.014651312086786526 0.6122938972289967 0.05735303483809795 0.05735303483809795 0.6122938972289967
36 8296 0.014018749985784333 0.5236655409818186 0.061744742213010746 0.061744742213010746 0.5236655409818186
37 8392 0.013113613178839148 0.4768739706625679 0.05296921461468347 0.05296921461468347 0.4768739706625679
38 8488 0.013930184495973092 0.3805796560997777 0.04368521014123255 0.04368521014123255 0.3805796560997777
39 8584 0.015439144154048122 0.25678540367648756 0.04242336244118223 0.04242336244118223 0.25678540367648756
40 8680 0.015816886859063108 0.1612498640812686 0.05195661300752788 0.05195661300752788 0.1612498640812686
41 8776 0.017377757091265034 0.12494423224446301 0.03769348730098047 0.03769348730098047 0.12494423224446301
42 8872 0.018259868552921908 0.11085707959477158 0.03702658512826667 0.03702658512826667 0.11085707959477158
43 8968 0.015998920837555285 0.10208245423106616 0.026988286214425162 0.026988286214425162 0.10208245423106616
44 9064 0.017425564771301548 0.09838246407604127 0.021421822697021843 0.021421822697021843 0.09838246407604127
45 9160 0.017156252597069134 0.07201204281685779 0.029546678226955187 0.029546678226955187 0.07201204281685779
46 9256 0.017746369126720986 0.06534044620676162 0.035670380424178395 0.035670380424178395 0.06534044620676162
47 9352 0.016053636140279774 0.059795286791452226 0.033316556257243564 0.033316556257243564 0.059795286791452226
48 9448 0.014871853797757042 0.053374149191571164 0.03684367911097996 0.03684367911097996 0.053374149191571164
49 9544 0.019828183229528954 0.05007690397644502 0.035546467494066626 0.035546467494066626 0.05007690397644502
50 9640 0.02141715367528971 0.04240555727163104 0.03576378505971551 0.03576378505971551 0.04240555727163104
51 9736 0.020946551880233824 0.041523094873128386 0.028147847182008915 0.028147847182008915 0.041523094873128386
52 9832 0.020820738293706908 0.03898845227079269 0.02472106234070251 0.02472106234070251 0.03898845227079269
53 9928 0.022653660564205615 0.03662935541494129 0.021420033586823366 0.021420033586823366 0.03662935541494129
54 10024 0.02117736945605435 0.040109450324863356 0.01606706564745576 0.01606706564745576 0.040109450324863356
55 10120 0.021089556493118503 0.04045943598497997 0.013351048927570603 0.013351048927570603 0.04045943598497997
56 10216 0.022275392122233725 0.040868126924057516 0.012337599693981662 0.012337599693981662 0.040868126924057516
57 10312 0.026691528261372797 0.04197922345600898 0.010918386479590064 0.010918386479590064 0.04197922345600898
58 10408 0.027112667306607646 0.04301910862093333 0.012022142929693825 0.012022142929693825 0.04301910862093333
1 10601 0.008964664146814556 1.0000250003125026 1.0 1.0 1.0000250003125026
2 10793 0.009621663999661466 1.0735693247180014 0.9987851106923199 0.9987851106923199 1.0735693247180014
3 10985 0.010347588455789638 1.252784295603918 0.8023621126465571 0.8023621126465571 1.252784295603918
4 11177 0.009904316819779295 1.3930541896697468 0.8010349011668374 0.8010349011668374 1.3930541896697468
5 11369 0.010133200467553458 1.3027937965561645 0.6891594051595539 0.6891594051595539 1.3027937965561645
6 11561 0.010418454686941766 1.1897362374062135 0.7440877083625832 0.7440877083625832 1.1897362374062135
7 11753 0.010486713746204808 1.2113344869406097 0.6530193177449857 0.6530193177449857 1.2113344869406097
8 11945 0.010754588810257133 1.3004858005412956 0.6141156387830429 0.6141156387830429 1.3004858005412956
9 12137 0.011084973662866128 1.3483969814295385 0.4820511805535478 0.4820511805535478 1.3483969814295385
10 12329 0.010632717167071386 1.6517517893934504 0.46798893443766365 0.46798893443766365 1.6517517893934504
11 12521 0.009716060352704291 1.6754335766374013 0.5035580242038625 0.5035580242038625 1.6754335766374013
12 12713 0.00997007864696514 1.7743558316152124 0.5195006419025705 0.5195006419025705 1.7743558316152124
13 12905 0.011305091450805176 2.182837541841933 0.49128873421396907 0.49128873421396907 2.182837541841933
14 13097 0.011679004002752683 2.2813210211286727 0.4800667630844734 0.4800667630844734 2.2813210211286727
15 13289 0.011859870124071617 2.66918059968312 0.4946389835626826 0.4946389835626826 2.66918059968312
16 13481 0.011387685171312896 2.8345340767810625 0.488989919135081 0.488989919135081 2.8345340767810625
17 13673 0.010371069676724416 2.879009551347965 0.4815914291943032 0.4815914291943032 2.879009551347965
18 13865 0.01120811749282509 2.964264698204017 0.4500461758752611 0.4500461758752611 2.964264698204017
19 14057 0.010723585726186742 2.698737696606758 0.4123355312394103 0.4123355312394103 2.698737696606758
20 14249 0.01090481312864923 2.725810206828331 0.3973965918679832 0.3973965918679832 2.725810206828331
21 14441 0.012161312795473027 2.4923933413112414 0.4811272193640975 0.4811272193640975 2.4923933413112414
22 14633 0.013307124585444726 2.576622411132457 0.6090188558527547 0.6090188558527547 2.576622411132457
23 14825 0.013181479645120868 2.034683141835327 0.5638405994763582 0.5638405994763582 2.034683141835327
24 15017 0.013606096739530931 1.920594874334526 0.6015379226930988 0.6015379226930988 1.920594874334526
25 15209 0.013565295345088333 1.842236856520028 0.7431115345701723 0.7431115345701723 1.842236856520028
26 15401 0.013703313882694008 1.5698740711417234 0.7458020479784457 0.7458020479784457 1.5698740711417234
27 15593 0.013974399061299362 1.5309607864218608 0.6980739795063661 0.6980739795063661 1.5309607864218608
28 15785 0.013348853066065317 1.416687519844525 0.7355097718463045 0.7355097718463045 1.416687519844525
29 15977 0.013257564672662148 1.210385585484699 0.7490494975612911 0.7490494975612911 1.210385585484699
30 16169 0.013764396091722605 1.4593840630893624 0.6885245208762782 0.6885245208762782 1.4593840630893624
31 16361 0.013539111173840553 1.4664222609322237 0.6351816603276497 0.6351816603276497 1.4664222609322237
32 16553 0.012672785507496277 1.5589308164539442 0.5439091087125312 0.5439091087125312 1.5589308164539442
33 16745 0.012944628897841483 1.6298359922271262 0.5569324265795863 0.5569324265795863 1.6298359922271262
34 16937 0.012775002834659986 1.8239273601163684 0.573454934425823 0.573454934425823 1.8239273601163684
35 17129 0.012742164943743783 2.2852628955151886 0.5436856385971846 0.5436856385971846 2.2852628955151886
36 17321 0.013090247066050182 2.1037856028799666 0.5629183907670404 0.5629183907670404 2.1037856028799666
37 17513 0.013530910166598633 1.8299345849899509 0.5525106822506031 0.5525106822506031 1.8299345849899509
38 17705 0.01394234103383321 1.902991663595309 0.517564488107977 0.517564488107977 1.902991663595309
39 17897 0.01325294065372661 1.8512942579561014 0.5113772524661065 0.5113772524661065 1.8512942579561014
40 18089 0.013872243167453483 1.8786482685609058 0.5024295935321853 0.5024295935321853 1.8786482685609058
41 18281 0.013178320511567764 1.954033409920608 0.48623034677938165 0.48623034677938165 1.954033409920608
42 18473 0.013952330308649123 1.932638202730491 0.5423352415492232 0.5423352415492232 1.932638202730491
43 18665 0.015055149039367907 2.0162154456354906 0.5181889391049079 0.5181889391049079 2.0162154456354906
44 18857 0.013679068096289953 2.0338103587545815 0.6158914869691261 0.6158914869691261 2.0338103587545815
45 19049 0.016633127831585708 1.762050297138045 0.6617726024910566 0.6617726024910566 1.762050297138045
46 19241 0.015829190848200624 1.7494592014085233 0.8328345074050619 0.8328345074050619 1.7494592014085233
47 19433 0.016376270964230707 1.6981883632136046 0.8279602175426122 0.8279602175426122 1.6981883632136046
48 19625 0.01621293508174414 1.6485242833999687 0.9357707094151433 0.9357707094151433 1.6485242833999687
49 19817 0.014979302876876875 1.445692235372063 0.8401122957971441 0.8401122957971441 1.445692235372063
50 20009 0.015043198960789471 1.2626975627441164 0.863743778933261 0.863743778933261 1.2626975627441164
51 20201 0.016738503065243576 1.2324943847774612 0.9651508627058962 0.9651508627058962 1.2324943847774612
52 20393 0.01996673584275383 1.6583815094025116 0.9890375850531788 0.9890375850531788 1.6583815094025116
53 20585 0.020583917130084922 1.6738311317125802 0.9710566552149147 0.9710566552149147 1.6738311317125802
54 20777 0.019231782291797832 1.6669954891943595 0.8454804660138391 0.8454804660138391 1.6669954891943595
55 20969 0.020868575792141537 1.4525890180203058 0.8659028194055796 0.8659028194055796 1.4525890180203058
56 21161 0.020869054609198048 1.6745217288910192 0.8614006690296708 0.8614006690296708 1.6745217288910192
57 21353 0.01946354196453072 1.670122136551107 0.8439332162690486 0.8439332162690486 1.670122136551107
58 21545 0.02061051696111673 1.7709882728269102 0.7719793805929758 0.7719793805929758 1.7709882728269102
59 21737 0.018607709004624728 1.6152836124726315 0.7347090026737756 0.7347090026737756 1.6152836124726315
60 21929 0.01853100062513652 1.699049733095659 0.7189776265941737 0.7189776265941737 1.699049733095659
61 22121 0.018956424143613877 1.6462900121197166 0.5954435717338454 0.5954435717338454 1.6462900121197166
62 22313 0.017457180685426125 1.309190730306524 0.5534170725293049 0.5534170725293049 1.309190730306524
63 22505 0.01841593032194895 1.2546100332801347 0.4744585343289774 0.4744585343289774 1.2546100332801347
64 22697 0.020150086553407293 1.3665274353611818 0.4675591775388006 0.4675591775388006 1.3665274353611818
65 22889 0.020531466145659486 1.4876829443171806 0.49473592962219687 0.49473592962219687 1.4876829443171806
66 23081 0.02014411419433704 1.4047415579144449 0.5053995376504948 0.5053995376504948 1.4047415579144449
67 23273 0.019430768200403944 1.3664164393829885 0.4487616378862736 0.4487616378862736 1.3664164393829885
68 23465 0.01945801610352397 1.3301173798560715 0.500525019180539 0.500525019180539 1.3301173798560715
69 23657 0.01910006536223436 1.2268532736609765 0.5210129056956567 0.5210129056956567 1.2268532736609765
70 23849 0.017368814963828347 1.23288967057463 0.436607138321533 0.436607138321533 1.23288967057463
71 24041 0.016661234591853626 1.3560979424302901 0.4293664682699022 0.4293664682699022 1.3560979424302901
72 24233 0.019562079251267225 1.2581347708684187 0.40753027376566686 0.40753027376566686 1.2581347708684187
73 24425 0.019243465297895508 1.2729304607535417 0.4193888656746146 0.4193888656746146 1.2729304607535417
74 24617 0.017936389940456987 1.1096065068634318 0.4219633267559216 0.4219633267559216 1.1096065068634318
75 24809 0.01869921675799259 1.0913142940539395 0.37758672935681364 0.37758672935681364 1.0913142940539395
76 25001 0.018506915309198426 1.1947907073172006 0.4076994742786446 0.4076994742786446 1.1947907073172006
77 25193 0.019782561635896017 1.0925481898257179 0.3282149158673558 0.3282149158673558 1.0925481898257179
78 25385 0.020428545608235493 0.9985111601237812 0.3658419688604052 0.3658419688604052 0.9985111601237812
79 25577 0.019107440073889845 1.0710676584085386 0.34000729795545337 0.34000729795545337 1.0710676584085386
80 25769 0.01842554303571376 0.9897459263629123 0.4081405482797393 0.4081405482797393 0.9897459263629123
81 25961 0.017413441414416746 0.9135896502576617 0.44629311375915975 0.44629311375915975 0.9135896502576617
82 26153 0.016926294601550304 0.8511072811260808 0.3490185467267435 0.3490185467267435 0.8511072811260808
83 26345 0.018652769203642533 0.842974826252014 0.34184417801794476 0.34184417801794476 0.842974826252014
84 26537 0.020178186739924334 0.9279651703761883 0.400463010210055 0.400463010210055 0.9279651703761883
85 26729 0.021899786543294626 0.8160844032487072 0.40382178979033584 0.40382178979033584 0.8160844032487072
86 26921 0.025195528070929177 0.847602192442092 0.390469503356438 0.390469503356438 0.847602192442092
87 27113 0.027381616546817703 0.9771300699030726 0.4081592170939262 0.4081592170939262 0.9771300699030726
88 27305 0.026541538056531193 0.9939229261882188 0.3644148821568353 0.3644148821568353 0.9939229261882188
89 27497 0.027325207091743606 0.8976183980763816 0.32490185783172115 0.32490185783172115 0.8976183980763816
90 27689 0.02618524543339479 0.8805620644191958 0.28463214342589827 0.28463214342589827 0.8805620644191958
91 27881 0.02866902681698662 0.7824040141952888 0.3073207525660569 0.3073207525660569 0.7824040141952888
92 28073 0.027255835079009305 0.8087266316181786 0.285339339518454 0.285339339518454 0.8087266316181786
93 28265 0.026070884572766673 0.7930759394215797 0.2701097003155755 0.2701097003155755 0.7930759394215797
94 28457 0.026093866744287077 0.8401981103757095 0.25993471301169563 0.25993471301169563 0.8401981103757095
95 28649 0.025291521811931124 0.7819494229609656 0.28229996055686707 0.28229996055686707 0.7819494229609656
96 28841 0.023422432615634432 0.8852735455164641 0.28940819068456175 0.28940819068456175 0.8852735455164641
97 29033 0.022127265847105594 0.7788636376164331 0.24700139227037937 0.24700139227037937 0.7788636376164331
98 29225 0.022096570248285118 0.8485297216163148 0.2289217854614203 0.2289217854614203 0.8485297216163148
99 29417 0.022248243289765386 0.8329757807151343 0.23681066459423827 0.23681066459423827 0.8329757807151343
100 29609 0.02281236436539798 0.9142728994560974 0.20343313079729686 0.20343313079729686 0.9142728994560974
101 29801 0.02226421535812882 0.7144277850473267 0.19751443155910997 0.19751443155910997 0.7144277850473267
102 29993 0.02239522577810962 0.6849024988627721 0.20123600220729987 0.20123600220729987 0.6849024988627721
103 30185 0.023692824992522277 0.5591328749266096 0.20623212051132078 0.20623212051132078 0.5591328749266096
104 30377 0.022691835711424437 0.4452674712742949 0.17528411219055412 0.17528411219055412 0.4452674712742949
105 30569 0.021011263679249947 0.45151239940199345 0.15460761427861264 0.15460761427861264 0.45151239940199345
106 30761 0.019216018503265538 0.31221554186915623 0.12958315689764066 0.12958315689764066 0.31221554186915623
107 30953 0.019695442079621754 0.2687576143215277 0.11443635060720671 0.11443635060720671 0.2687576143215277
108 31145 0.019513196087700944 0.315804942553331 0.0986116260729784 0.0986116260729784 0.315804942553331
109 31337 0.019827546073884733 0.31993730942517723 0.08482694426110135 0.08482694426110135 0.31993730942517723
110 31529 0.020269522331325583 0.3438603530264883 0.08891483539167444 0.08891483539167444 0.3438603530264883
111 31721 0.020677046802668887 0.33045529033346493 0.07764531965892883 0.07764531965892883 0.33045529033346493
112 31913 0.020297079926608317 0.27734637957993774 0.07476437155785644 0.07476437155785644 0.27734637957993774
113 32105 0.02023789094134139 0.29331181155980574 0.08407079813383471 0.08407079813383471 0.29331181155980574
114 32297 0.022298444986948465 0.3110589049463694 0.07634688429622223 0.07634688429622223 0.3110589049463694
115 32489 0.021302014903208925 0.3593269164826061 0.08491154062053176 0.08491154062053176 0.3593269164826061
116 32681 0.01988963319016246 0.29570621484140214 0.09077164529700803 0.09077164529700803 0.29570621484140214
117 32873 0.018041578364921346 0.2979672134938282 0.08479145753263695 0.08479145753263695 0.2979672134938282
118 33065 0.016509767593079577 0.3107273149453438 0.08347343526085461 0.08347343526085461 0.3107273149453438
119 33257 0.01673958466817211 0.2930033358437101 0.09023786586253407 0.09023786586253407 0.2930033358437101
120 33449 0.017637546013460487 0.3246623668626905 0.09100546581498162 0.09100546581498162 0.3246623668626905
121 33641 0.01696747184143441 0.35917271588208416 0.08529641178273316 0.08529641178273316 0.35917271588208416
122 33833 0.01586344649995476 0.4158850017417913 0.07439445131889842 0.07439445131889842 0.4158850017417913
123 34025 0.01666021098414752 0.37796802904011345 0.06821051705600457 0.06821051705600457 0.37796802904011345
124 34217 0.01515113517238812 0.40114532421505156 0.05645326023463497 0.05645326023463497 0.40114532421505156
125 34409 0.017269060548173686 0.38917026125934207 0.06727426177845042 0.06727426177845042 0.38917026125934207
126 34601 0.016653955228434693 0.34662569085652495 0.07965239093428049 0.07965239093428049 0.34662569085652495
127 34793 0.016446375955349615 0.3230036197395259 0.07384163602270877 0.07384163602270877 0.3230036197395259
128 34985 0.01669595212601394 0.2632831503149527 0.07831901479057184 0.07831901479057184 0.2632831503149527
129 35177 0.017979463163728258 0.19543470307289662 0.08396079677554766 0.08396079677554766 0.19543470307289662
130 35369 0.019447821524755354 0.1818981770939887 0.08114583090379159 0.08114583090379159 0.1818981770939887
131 35561 0.018983557791141813 0.1761466380784987 0.06730596332768629 0.06730596332768629 0.1761466380784987
132 35753 0.01952763241015158 0.1301194600004921 0.05433248482727046 0.05433248482727046 0.1301194600004921
133 35945 0.019008070982935867 0.0966106487209229 0.05346705788630846 0.05346705788630846 0.0966106487209229
134 36137 0.017447592284843973 0.08235285463894156 0.04002117534838576 0.04002117534838576 0.08235285463894156
135 36329 0.01784349687615269 0.08136600951427175 0.029282744597012404 0.029282744597012404 0.08136600951427175
136 36521 0.016930535157234028 0.07461907870472304 0.026781978481795237 0.026781978481795237 0.07461907870472304
137 36713 0.01686910877830652 0.0640267623178856 0.022026202770368403 0.022026202770368403 0.0640267623178856
138 36905 0.015630548473255502 0.0579640546187382 0.01784816664374915 0.01784816664374915 0.0579640546187382
139 37097 0.016317253527666577 0.06336887963898342 0.006528705322442084 0.006528705322442084 0.06336887963898342
140 37289 0.016743432024073454 0.05653625855510368 0.005694251264298959 0.005694251264298959 0.05653625855510368
141 37481 0.01685245640184771 0.05540545480782683 0.0047224607425786136 0.0047224607425786136 0.05540545480782683
142 37673 0.016855469395143003 0.041234486626150015 0.0036631853565177275 0.0036631853565177275 0.041234486626150015
143 37865 0.016566025695788585 0.03581977188146914 0.0026060861783262085 0.0026060861783262085 0.03581977188146914
144 38057 0.015702838489722183 0.03442559310811365 0.00134473470303303 0.00134473470303303 0.03442559310811365
145 38249 0.01676997404904325 0.04229367964146423 0.0010004632252792972 0.0010004632252792972 0.04229367964146423
1 38634 0.008978064052041781 1.0000250003125026 1.0 1.0 1.0000250003125026
2 39018 0.009226489643877445 1.1325181642120197 1.0358908136907181 1.0358908136907181 1.1325181642120197
3 39402 0.009316067521168387 1.325072300192246 0.936573391380153 0.936573391380153 1.325072300192246
4 39786 0.010548195657341016 1.476536179169058 1.0564101140547657 1.0564101140547657 1.476536179169058
5 40170 0.010590672902526105 1.56566467516407 1.1684175514590882 1.1684175514590882 1.56566467516407
6 40554 0.010788583531986572 1.526408052545327 1.2343713105806562 1.2343713105806562 1.526408052545327
7 40938 0.011336810367667788 1.6072167166968985 1.2334465006815818 1.2334465006815818 1.6072167166968985
8 41322 0.01124426556954954 1.7921121887338736 1.2471856373332828 1.2471856373332828 1.7921121887338736
9 41706 0.011625698065540653 1.608390527997323 1.298796950331678 1.298796950331678 1.608390527997323
10 42090 0.011813065883905747 1.5942739239715014 1.1070052921523552 1.1070052921523552 1.5942739239715014
11 42474 0.012158430922526537 1.5062904215994748 1.0255425675606071 1.0255425675606071 1.5062904215994748
12 42858 0.011706888728895883 1.3692145433841463 0.9340591269428916 0.9340591269428916 1.3692145433841463
1 43627 0.009285639866563628 1.0000250003125026 1.0 1.0 1.0000250003125026
2 44395 0.009510777850084999 1.1705324032298188 1.0325281798555082 1.0325281798555082 1.1705324032298188
3 45163 0.010215990764937321 1.2310063888661589 1.0126634158499155 1.0126634158499155 1.2310063888661589
4 45931 0.01028786735682589 1.214325152357761 0.9560706795499696 0.9560706795499696 1.214325152357761
5 46699 0.010293976666667102 1.2864108649804573 0.9494278219329195 0.9494278219329195 1.2864108649804573
6 47467 0.010829163880967479 1.3046075610945351 0.9618980281071511 0.9618980281071511 1.3046075610945351
7 48235 0.010291803813515046 1.305986216168229 0.8864226334206184 0.8864226334206184 1.305986216168229
8 49003 0.01036765349915326 1.3430916403022606 0.8756480044968478 0.8756480044968478 1.3430916403022606
9 49771 0.010444499014150236 1.3013488326424487 0.938557044139956 0.938557044139956 1.3013488326424487
10 50539 0.011002910698085212 1.2404173805701675 0.9723007149947532 0.9723007149947532 1.2404173805701675
1 52076 0.009652863392657437 1.0000250003125026 1.0 1.0 1.0000250003125026
2 53612 0.010508883798452506 1.1303638857667366 1.0105084735818877 1.0105084735818877 1.1303638857667366
3 55148 0.010593618523195288 1.2010160737796258 0.991802566470011 0.991802566470011 1.2010160737796258
4 56684 0.01029972275222944 1.1992767366727777 0.9642819209995954 0.9642819209995954 1.1992767366727777
5 58220 0.010329306418709733 1.182601663001603 0.9762993379118406 0.9762993379118406 1.182601663001603
6 59756 0.011133413075568338 1.1775172953081285 0.9363566318780869 0.9363566318780869 1.1775172953081285
7 61292 0.011382122806676597 1.1608802940756326 0.9610072260350515 0.9610072260350515 1.1608802940756326
8 62828 0.011948103161779442 1.1633666307060575 0.989576242450859 0.989576242450859 1.1633666307060575
9 64364 0.01192399219768482 1.0971924789187504 0.9785243358809532 0.9785243358809532 1.0971924789187504
10 65900 0.011796929048821845 1.0795871506844907 0.9822275368750023 0.9822275368750023 1.0795871506844907
1 68973 0.0096228853370964 1.0000250003125026 1.0 1.0 1.0000250003125026
2 72045 0.010115979901934509 1.1904754574475365 1.0493753339460683 1.0493753339460683 1.1904754574475365
3 75117 0.010190654870068018 1.2812617804834001 1.0354628656036982 1.0354628656036982 1.2812617804834001
4 78189 0.010897785933509936 1.3253704053104003 0.9979693852981357 0.9979693852981357 1.3253704053104003
5 81261 0.010983766119689703 1.3158597810193704 1.027867161203178 1.027867161203178 1.3158597810193704
6 84333 0.011236619965004446 1.2605433828023067 1.0204762952374153 1.0204762952374153 1.2605433828023067
7 87405 0.011676855678167024 1.2432698106339848 1.0343688870221377 1.0343688870221377 1.2432698106339848
8 90477 0.011712074938361777 1.2030025572008096 1.0510411788371008 1.0510411788371008 1.2030025572008096
9 93549 0.01227017869448856 1.1477520387786102 1.0428359109571772 1.0428359109571772 1.1477520387786102
10 96621 0.012253658089915603 1.1290423194017034 1.061375687413252 1.061375687413252 1.1290423194017034
