% # columns="iteration, evaluation, sigma, axis ratio, bestever, best, median, worst objective function value, further objective values of best", seed=911874, Sat Oct  9 03:11:20 2021, <python>{}</python>
1 6 0.007169672280823015 1.0000250003125026 1.456075 1.4560749530792236e+00 1.5151325 1.615913   
2 12 0.007400004193196895 1.113410797957494 1.4495379 1.4495378732681274e+00 1.4878601 1.5202296   
3 18 0.007587340016891262 1.1953779734659453 1.4263735 1.4263734817504883e+00 1.5129094 1.5970778   
4 24 0.007582553553935934 1.5907056594666735 1.4200629 1.4200628995895386e+00 1.5002458 1.6504265   
5 30 0.005840976467281284 1.4981591339149378 1.4200629 1.4776810407638550e+00 1.4881701 1.4912366   
6 36 0.006054296037269856 1.329167784219134 1.4200629 1.4400285482406616e+00 1.4881701 1.6165682   
7 42 0.005077747644206023 1.4758707941834517 1.4200629 1.4410401582717896e+00 1.5214182 1.599992   
8 48 0.0052795016740399105 1.5431563946126432 1.4200629 1.4400285482406616e+00 1.5217975 1.6060964   
9 54 0.008510226241171778 1.3098176599935851 1.4200629 1.4258040189743042e+00 1.4783646 1.5129094   
10 60 0.014360808559427465 1.4840072104343927 1.4170322 1.4170322418212891e+00 1.4844912 1.5970778   
11 66 0.014955907138714156 1.791043888819703 1.4170322 1.4446719884872437e+00 1.5151325 1.615913   
12 72 0.014086829985072201 1.743995875545344 1.4170322 1.4170322418212891e+00 1.4881701 1.4934882   
13 78 0.013537949344930607 1.5266874824392396 1.4170322 1.4544945955276489e+00 1.5202217 1.6060964   
14 84 0.017842412490960226 1.6695347626037285 1.4170322 1.4170322418212891e+00 1.4881701 1.5259368   
15 90 0.022922362303352654 1.888065469326731 1.4170322 1.4279062747955322e+00 1.4912366 1.5259368   
16 96 0.023700390280416248 2.653525850217702 1.4170322 1.4342150688171387e+00 1.5031736 1.521501   
17 102 0.0198366698736468 2.5252445410701707 1.4170322 1.4446719884872437e+00 1.5193785 1.5319849   
18 108 0.014615952433707665 3.0417152022646827 1.4170322 1.4386821985244751e+00 1.5002458 1.5922422   
19 114 0.012608245703151262 2.687380855411884 1.4170322 1.4446719884872437e+00 1.5203279 1.5313239   
20 120 0.010348942482363939 2.5018309570477255 1.4170322 1.4446719884872437e+00 1.4993021 1.6504265   
21 126 0.00818871095022683 2.3334941309911015 1.4170322 1.4446719884872437e+00 1.4920686 1.5259368   
22 132 0.008079434588040137 2.681332823755828 1.4170322 1.4200628995895386e+00 1.4739517 1.5085303   
23 138 0.008277379589574554 3.041141428634947 1.4170322 1.4358719587326050e+00 1.5139189 1.5564435   
24 144 0.009614878573898606 3.0632661351108434 1.4170322 1.4410401582717896e+00 1.4993994 1.615913   
25 150 0.008570613279361266 2.58620263134962 1.4170322 1.4410401582717896e+00 1.4783646 1.558313   
26 156 0.009295499498088597 2.4587950151930804 1.4170322 1.4446719884872437e+00 1.5002458 1.5199958   
27 162 0.008155048507627296 3.7788469925483628 1.4170322 1.4734790325164795e+00 1.5085303 1.521501   
28 168 0.0089009989911248 3.4709035519940583 1.4170322 1.4446719884872437e+00 1.4934882 1.527694   
29 174 0.014851219417695854 4.6399678716808195 1.4170322 1.4258040189743042e+00 1.5031736 1.5240469   
30 180 0.016397149348064688 5.72401170810896 1.4170322 1.4289441108703613e+00 1.4920686 1.5204942   
31 186 0.018512568073168766 6.312300445914535 1.4170322 1.4354788064956665e+00 1.4881701 1.5217975   
32 192 0.018036322277466526 5.409020039437297 1.4170322 1.4258638620376587e+00 1.5202296 1.5970778   
33 198 0.023109457212989556 5.5611907802517235 1.4170322 1.4289441108703613e+00 1.4881701 1.5541044   
34 204 0.031835405647415924 8.223273485651301 1.4170322 1.4530653953552246e+00 1.4993994 1.6060964   
35 210 0.04823390667051673 11.58008423267114 1.4170322 1.4170322418212891e+00 1.4786552 1.5202217   
36 216 0.05122405363568993 15.485221177260849 1.4170322 1.4446719884872437e+00 1.5178319 1.5202296   
37 222 0.04070503123934978 12.512344827649649 1.4170322 1.4842524528503418e+00 1.5202296 1.5400851   
38 228 0.03485271883651597 15.265117160876065 1.4170322 1.4410401582717896e+00 1.4839703 1.5863715   
39 234 0.03331481517230833 18.356732607251246 1.4170322 1.4263734817504883e+00 1.4934882 1.5204942   
40 240 0.03274402034104899 21.847464276897675 1.4049684 1.4049683809280396e+00 1.4912366 1.4993021   
41 246 0.02497274663925264 24.503709408969755 1.4049684 1.4446719884872437e+00 1.497162 1.5313239   
42 252 0.028484026248610277 29.2441987911287 1.4049684 1.4707487821578979e+00 1.4881701 1.5085303   
43 258 0.027124110262957624 24.76060993227921 1.4049684 1.4263734817504883e+00 1.4881701 1.5113465   
44 264 0.030649697577032325 20.542305095810445 1.4049684 1.4279062747955322e+00 1.4912366 1.5564435   
45 270 0.03285370876140181 23.065685253825354 1.4049684 1.4429907798767090e+00 1.4987856 1.5204942   
46 276 0.024799081742578756 18.42904159484624 1.4049684 1.4258638620376587e+00 1.4878601 1.5063184   
47 282 0.024527205210455677 17.324617277968255 1.4049684 1.4743000268936157e+00 1.516532 1.615913   
48 288 0.01974576250053792 23.51286303790644 1.4049684 1.4381800889968872e+00 1.5113465 1.6504265   
49 294 0.014058215687050544 25.59754490989116 1.4049684 1.4776810407638550e+00 1.5204942 1.5855995   
50 300 0.010440866428906452 23.820501552874088 1.4049684 1.4446719884872437e+00 1.4993021 1.5855995   
51 306 0.00911037443688957 22.74302057759042 1.4049684 1.4342150688171387e+00 1.4878601 1.5223432   
52 312 0.010177954246010314 21.361366054505936 1.4049684 1.4247118234634399e+00 1.5129094 1.6165682   
53 318 0.007396222166877161 16.383495160702548 1.4049684 1.4247118234634399e+00 1.4842525 1.5203279   
54 324 0.0067120340496335945 18.766843224047705 1.4049684 1.4258040189743042e+00 1.4739517 1.4945707   
55 330 0.007764282143527632 19.42763048199477 1.4049684 1.4181705713272095e+00 1.473479 1.5129797   
56 336 0.007275059437334293 14.242365234438306 1.4049684 1.4247118234634399e+00 1.472921 1.4945707   
57 342 0.007310139574941367 17.432741389568097 1.4049684 1.4710640907287598e+00 1.5203279 1.5400851   
58 348 0.00568428827076917 21.017595871801095 1.4049684 1.4200628995895386e+00 1.5085303 1.5129797   
59 354 0.005680654317397756 18.025659347937005 1.4049684 1.4258040189743042e+00 1.4839703 1.5214182   
60 360 0.007330778039423111 14.777240761181345 1.404167 1.4041670560836792e+00 1.4805603 1.5203279   
61 366 0.005446474675553518 12.073986912407026 1.404167 1.4232921600341797e+00 1.4736838 1.5400851   
62 372 0.006022390677435524 11.141068832580991 1.3995296 1.3995295763015747e+00 1.4181706 1.4263735   
63 378 0.005235206249535297 11.436789266905743 1.3995296 1.4041670560836792e+00 1.4805603 1.5193785   
64 384 0.005046456230360697 10.184116192001431 1.3995296 1.4200628995895386e+00 1.4839703 1.4920686   
65 390 0.004523020358442335 7.83637286066895 1.3995296 1.3995295763015747e+00 1.472921 1.5129797   
66 396 0.004616000177339431 7.188621136637005 1.3995296 1.4200628995895386e+00 1.4797581 1.4839703   
67 402 0.0036933866764484453 7.638089815838405 1.3995296 1.4049683809280396e+00 1.4299635 1.4864509   
68 408 0.003689008028334473 6.955158866847815 1.3995296 1.4041670560836792e+00 1.4839703 1.4945707   
69 414 0.0027017323579555798 9.053969191382475 1.3995296 1.3995295763015747e+00 1.5223432 1.5313239   
70 420 0.003197494880877749 9.160318188386611 1.3995296 1.4739516973495483e+00 1.4846333 1.5313239   
71 426 0.0025925765710311014 13.808497168356048 1.3995296 1.3995295763015747e+00 1.4731346 1.4817988   
72 432 0.0018967934568310208 11.111635244173463 1.3995296 1.4041670560836792e+00 1.4826735 1.5129797   
73 438 0.0017391884586477793 10.90447630800616 1.3995296 1.3995295763015747e+00 1.404167 1.4846333   
74 444 0.0012738440367402928 10.030336086783224 1.3995296 1.4041670560836792e+00 1.4826735 1.4920686   
75 450 0.0012455641225852482 9.179509734029997 1.3995296 1.3995295763015747e+00 1.404167 1.4295352   
76 456 0.0009771132107972797 8.06811294628211 1.3995296 1.3995295763015747e+00 1.404167 1.5223432   
77 462 0.0008913441441795515 7.15881344371783 1.3995296 1.3995295763015747e+00 1.3995296 1.4027327   
78 468 0.001223922140092344 5.45364134244613 1.3995296 1.3995295763015747e+00 1.404167 1.4295352   
79 474 0.0012212192729445734 3.572302855523756 1.3995296 1.3995295763015747e+00 1.3995296 1.404167   
80 480 0.001071087534180311 3.6400253869250423 1.3995296 1.3995295763015747e+00 1.404167 1.4826735   
81 486 0.0008502534598926248 3.395263560678799 1.3995296 1.3995295763015747e+00 1.3995296 1.3995296   
82 492 0.0008687426550017204 3.643981108762761 1.3995296 1.3995295763015747e+00 1.3995296 1.404167   
1 505 0.01255460228818567 1.0000250003125026 1.4381801 1.4381800889968872e+00 1.4783646 1.5223072   
2 517 0.012385430453044983 1.7688149582528285 1.4381801 1.4446719884872437e+00 1.5031499 1.5400851   
3 529 0.010017208801141885 1.299413806368162 1.4170322 1.4170322418212891e+00 1.477681 1.5098922   
4 541 0.012180231971467564 1.3825244537648531 1.4170322 1.4299634695053101e+00 1.5191818 1.6060964   
5 553 0.012238205485847932 1.3736934280888289 1.4170322 1.4446719884872437e+00 1.5085303 1.5400851   
6 565 0.013710558111998323 1.610812658159064 1.4170322 1.4446719884872437e+00 1.4912366 1.5319849   
7 577 0.016518404545109684 1.5772485090673847 1.404167 1.4041670560836792e+00 1.488084 1.5238863   
8 589 0.02126319140732387 2.047262797497283 1.404167 1.4049683809280396e+00 1.4783646 1.5970778   
9 601 0.030343627428378584 2.186913845527542 1.404167 1.4429907798767090e+00 1.4912366 1.5863715   
10 613 0.02700043751998871 2.3321824791990933 1.404167 1.4170322418212891e+00 1.4864509 1.521501   
11 625 0.021801285826920237 2.8656450582829764 1.404167 1.4200628995895386e+00 1.4805603 1.5970778   
12 637 0.018248379148317503 2.468083885105782 1.404167 1.4049683809280396e+00 1.5184354 1.5970778   
13 649 0.013927379931933678 2.500173373927005 1.404167 1.4560749530792236e+00 1.4878601 1.6165682   
14 661 0.01269923542748536 2.8200064348586693 1.404167 1.4632587432861328e+00 1.4993994 1.599992   
15 673 0.016490774333988243 2.707912341857427 1.404167 1.4049683809280396e+00 1.5031499 1.5617737   
16 685 0.011930487417795984 1.8510450712283106 1.404167 1.4200628995895386e+00 1.4912366 1.5617737   
17 697 0.010058342167590346 1.4915166452595445 1.404167 1.4400285482406616e+00 1.4881701 1.615913   
18 709 0.008059778950750506 1.4025767455324119 1.404167 1.4181705713272095e+00 1.4960968 1.6504265   
19 721 0.009326862691697682 1.2936147420182365 1.404167 1.4200628995895386e+00 1.5084428 1.6060964   
20 733 0.006672546951958794 1.7547708328416984 1.404167 1.4200628995895386e+00 1.4783646 1.5567182   
21 745 0.00701094142162569 1.582511006206392 1.3995296 1.3995295763015747e+00 1.4864509 1.5193785   
22 757 0.006426657512397631 1.9139873505841312 1.3995296 1.4049683809280396e+00 1.5085303 1.5541044   
23 769 0.006396485543300363 2.204054326930892 1.3995296 1.4279062747955322e+00 1.477681 1.5031499   
24 781 0.0048241639292074855 2.519939776983691 1.3995296 1.4289441108703613e+00 1.5070759 1.5319849   
25 793 0.003960439696072747 2.6686427372866612 1.3995296 1.4429907798767090e+00 1.5151325 1.5541044   
26 805 0.003057212062118209 3.2258401765004097 1.3995296 1.4289441108703613e+00 1.4736838 1.5203279   
27 817 0.002912236199458163 3.286878916819662 1.3995296 1.3995295763015747e+00 1.5085303 1.5400851   
28 829 0.0035819893261139577 4.7840560402212144 1.3995296 1.4027327299118042e+00 1.5031499 1.5400851   
29 841 0.003027004953400083 4.1612007095823635 1.3995296 1.4181705713272095e+00 1.4839703 1.5178319   
30 853 0.004530884673680463 3.0479813828554283 1.3995296 1.4247118234634399e+00 1.4846333 1.5400851   
31 865 0.004746986751818956 2.394579343085511 1.3995296 1.4247118234634399e+00 1.4846333 1.5400851   
32 877 0.0044265188533974325 1.8019792750558588 1.3995296 1.4170322418212891e+00 1.5031499 1.5400851   
33 889 0.0038196451990154955 1.0734712983079875 1.3995296 1.4181705713272095e+00 1.4429711 1.5400851   
34 901 0.006227794426449435 1.2102958592398394 1.3995296 1.4049683809280396e+00 1.4299635 1.4842525   
35 913 0.007024476346915873 1.289205903163883 1.3995296 1.4027327299118042e+00 1.472921 1.4994408   
36 925 0.005625572036610561 1.628340198711398 1.3995296 1.4049683809280396e+00 1.4805603 1.5223432   
37 937 0.005201399126096784 1.7775122935938863 1.3995296 1.4232921600341797e+00 1.4743 1.5214182   
38 949 0.005541384777131984 2.1120121155196587 1.3995296 1.4170322418212891e+00 1.4429711 1.4945707   
39 961 0.005420668697482498 2.181346038218831 1.3995296 1.4232921600341797e+00 1.4703871 1.5223432   
40 973 0.005876792597025473 3.2332933220700264 1.3995296 1.4263734817504883e+00 1.4805603 1.5400851   
41 985 0.005030628342270778 2.4274112299855104 1.3995296 1.4263734817504883e+00 1.4429711 1.5400851   
42 997 0.005091953743220135 2.6633530142537745 1.3995296 1.4181705713272095e+00 1.4703871 1.5048326   
43 1009 0.005083274226063078 2.684189512564683 1.3995296 1.4170322418212891e+00 1.4342151 1.5313239   
44 1021 0.004238586527073677 3.5022947225076453 1.3995296 1.4181705713272095e+00 1.4299635 1.5400851   
45 1033 0.004099745132857902 3.2051923363434534 1.3995296 1.4247118234634399e+00 1.4342151 1.4429908   
46 1045 0.005240822986694011 3.6120649574303356 1.3995296 1.4247118234634399e+00 1.4279063 1.5400851   
47 1057 0.006718221090599934 5.591430210796881 1.3995296 1.4181705713272095e+00 1.4299635 1.5303832   
48 1069 0.005008439192697594 9.649282911511492 1.3995296 1.4181705713272095e+00 1.4299635 1.5400851   
49 1081 0.006377651376020192 10.376992741171778 1.3995296 1.4263734817504883e+00 1.4299635 1.4429908   
50 1093 0.005503478400960705 7.794693461088174 1.3995296 1.4181705713272095e+00 1.4299635 1.5400851   
51 1105 0.006632676085265784 8.502223722321771 1.3995296 1.4170322418212891e+00 1.4342151 1.4429711   
52 1117 0.007876242457677754 7.597651662937603 1.3995296 1.4170322418212891e+00 1.4263735 1.5313239   
53 1129 0.00746907680662792 6.427388237822104 1.3995296 1.4170322418212891e+00 1.4299635 1.4805603   
54 1141 0.006854267652236429 7.533320587905295 1.3995296 1.4200628995895386e+00 1.4263735 1.4710641   
55 1153 0.006159516751067545 7.869025285106389 1.3995296 1.4170322418212891e+00 1.4710641 1.4817988   
56 1165 0.0053188702849038295 10.022271169193976 1.3995296 1.4170322418212891e+00 1.4232922 1.4386822   
57 1177 0.004401730157722783 10.616188959310122 1.3995296 1.4170322418212891e+00 1.4386822 1.4805603   
58 1189 0.003640112889822773 15.537808495690497 1.3995296 1.4170322418212891e+00 1.4232922 1.4429711   
59 1201 0.0033124734673875447 16.743097276206985 1.3995296 1.4170322418212891e+00 1.4232922 1.4429711   
60 1213 0.003499675322835017 12.573706667663114 1.3995296 1.4170322418212891e+00 1.4232922 1.4429711   
61 1225 0.0031504656075893086 17.162125722211176 1.3995296 1.4170322418212891e+00 1.4170322 1.4386822   
62 1237 0.0027427806797766224 19.880417951739084 1.3995296 1.4170322418212891e+00 1.4232922 1.4386822   
63 1249 0.0033298424570051407 25.89527809197437 1.3995296 1.4170322418212891e+00 1.4170322 1.4386822   
64 1261 0.003762196304687392 44.30599955535232 1.3995296 1.4170322418212891e+00 1.4170322 1.4232922   
65 1273 0.0029485167946821417 52.50079783237434 1.3995296 1.4170322418212891e+00 1.4170322 1.4386822   
66 1285 0.0022919656617877144 51.88030829877802 1.3995296 1.4170322418212891e+00 1.4170322 1.4232922   
67 1297 0.002050509917313814 70.83051777795991 1.3995296 1.4170322418212891e+00 1.4170322 1.4170322   
68 1309 0.0019354530560469314 71.14712996159365 1.3995296 1.4170322418212891e+00 1.4170322 1.4232922   
1 1334 0.01127674983909354 1.0000250003125026 1.4299635 1.4299634695053101e+00 1.4912366 1.6418828   
2 1358 0.010446143626464347 1.4598021848189306 1.4299635 1.4386821985244751e+00 1.4912366 1.5567182   
3 1382 0.011362569338446387 1.447563954995971 1.4027327 1.4027327299118042e+00 1.4881701 1.6504265   
4 1406 0.011528429600118906 1.8881153696487392 1.4027327 1.4200628995895386e+00 1.4912366 1.6504265   
5 1430 0.015657457374697762 2.0106155652899678 1.4027327 1.4049683809280396e+00 1.5129094 1.6165682   
6 1454 0.01738656838727785 1.0758153497381282 1.4027327 1.4446719884872437e+00 1.4912366 1.6165682   
7 1478 0.017900929704325517 1.5245453072063069 1.4027327 1.4247118234634399e+00 1.4881701 1.5617737   
8 1502 0.023189111728130173 1.6063982248706987 1.4027327 1.4279062747955322e+00 1.4881701 1.5855995   
9 1526 0.019580249722706985 2.1125663512699178 1.3995296 1.3995295763015747e+00 1.5085303 1.6165682   
10 1550 0.018634163161115956 1.8408812097333789 1.3995296 1.4258040189743042e+00 1.5178319 1.6165682   
11 1574 0.017811974940820572 1.6582425584369411 1.3995296 1.4200628995895386e+00 1.488084 1.6497207   
12 1598 0.01682216160442326 1.700469664663311 1.3995296 1.4299634695053101e+00 1.4881701 1.6165682   
13 1622 0.020642057236075966 1.746860782363505 1.3995296 1.4170322418212891e+00 1.4881701 1.6504265   
14 1646 0.015799569873557788 2.136309560614581 1.3995296 1.4232921600341797e+00 1.4912366 1.615913   
15 1670 0.01916677934288974 1.8164286337187308 1.3995296 1.4446719884872437e+00 1.5063184 1.6504265   
16 1694 0.017683327394406447 1.7001277057352342 1.3995296 1.4429711103439331e+00 1.5129094 1.6504265   
17 1718 0.019318157355551473 1.2431779150216602 1.3995296 1.4181705713272095e+00 1.4786552 1.599992   
18 1742 0.017856068265257593 1.4498505459379485 1.3995296 1.4049683809280396e+00 1.4912366 1.6165682   
19 1766 0.02193479029193201 1.4697315506186277 1.3995296 1.4429711103439331e+00 1.5031499 1.6418828   
20 1790 0.01871486095032029 1.1987730045696203 1.3995296 1.4232921600341797e+00 1.5098922 1.6418828   
21 1814 0.015114556203926946 1.5123013186673155 1.3995296 1.4263734817504883e+00 1.4912366 1.6504265   
22 1838 0.014978008735347452 1.5702935890443774 1.3995296 1.4049683809280396e+00 1.497162 1.615913   
23 1862 0.012542552434491167 1.8143967864430408 1.3995296 1.4446719884872437e+00 1.5031499 1.6060964   
24 1886 0.01615964594706513 1.6287157278973732 1.3995296 1.4200628995895386e+00 1.4934882 1.5855995   
25 1910 0.014555324334679065 1.19913385237195 1.3995296 1.4263734817504883e+00 1.5085303 1.6165682   
26 1934 0.016716717609182426 1.4432401918527322 1.3995296 1.4279062747955322e+00 1.4912366 1.6060964   
27 1958 0.01839670620677404 1.8470903292452425 1.3995296 1.3995295763015747e+00 1.497162 1.6504265   
28 1982 0.022751260683724496 1.73472254614483 1.3995296 1.3995295763015747e+00 1.4912366 1.615913   
29 2006 0.023146621155820116 2.4913610916555733 1.3995296 1.3995295763015747e+00 1.4864509 1.5259368   
30 2030 0.02255871417763662 2.917032912808683 1.3995296 1.4049683809280396e+00 1.5085303 1.6060964   
31 2054 0.020943836463061326 2.8375820929424145 1.3995296 1.4049683809280396e+00 1.5085303 1.599992   
32 2078 0.02099976208451399 2.443753917794407 1.3995296 1.4258040189743042e+00 1.4881701 1.5617737   
33 2102 0.018805505444772438 1.909526475820526 1.3995296 1.4049683809280396e+00 1.4840422 1.6060964   
34 2126 0.018639936731954684 1.768680494874765 1.3995296 1.4027327299118042e+00 1.4786552 1.521501   
35 2150 0.019595027190125732 1.9927704969391606 1.3995296 1.4170322418212891e+00 1.488084 1.5313239   
36 2174 0.019801449295695148 3.194285645202005 1.3995296 1.4041670560836792e+00 1.4912366 1.558313   
37 2198 0.020224686583234487 3.1162101582399746 1.3995296 1.3995295763015747e+00 1.5151325 1.5313239   
38 2222 0.020703797845173046 2.9333131138153665 1.3995296 1.4279062747955322e+00 1.4864509 1.5313239   
39 2246 0.021968299771038667 2.5078720758860906 1.3995296 1.3995295763015747e+00 1.5070759 1.5855995   
40 2270 0.02283890376862519 3.807907942581336 1.3995296 1.4041670560836792e+00 1.4739517 1.5313239   
41 2294 0.019538062793654914 5.27015708681244 1.3995296 1.4041670560836792e+00 1.4934882 1.5259368   
42 2318 0.017697632196730727 8.144661558461527 1.3995296 1.4027327299118042e+00 1.4842525 1.5400851   
43 2342 0.015507667944333808 9.319566984409786 1.3995296 1.3995295763015747e+00 1.4739517 1.5313239   
44 2366 0.014396197546998734 9.752594426084759 1.3995296 1.3995295763015747e+00 1.4805603 1.5313239   
45 2390 0.013566652211059817 10.239387688655796 1.3995296 1.4041670560836792e+00 1.4805603 1.5313239   
46 2414 0.01101110359056458 10.171524283993055 1.3995296 1.3995295763015747e+00 1.4710641 1.5223432   
47 2438 0.01031663939569798 12.672400944601392 1.3995296 1.4027327299118042e+00 1.4842525 1.5313239   
48 2462 0.010340777568239801 9.980973329565003 1.3995296 1.3995295763015747e+00 1.4743 1.5313239   
49 2486 0.01050290413872988 8.562569876379056 1.3995296 1.3995295763015747e+00 1.4805603 1.5313239   
50 2510 0.010466038498279626 9.458216608838475 1.3995296 1.3995295763015747e+00 1.4739517 1.5313239   
51 2534 0.009079461695883575 7.063061861374037 1.3995296 1.4027327299118042e+00 1.4846333 1.5223432   
52 2558 0.007345941826600169 7.7159896035553786 1.3995296 1.3995295763015747e+00 1.4846333 1.5223432   
53 2582 0.006862416469073948 9.498767377087853 1.3995296 1.3995295763015747e+00 1.4049684 1.4945707   
54 2606 0.006840057233404162 12.358404595480179 1.3995296 1.3995295763015747e+00 1.4049684 1.4945707   
55 2630 0.006763604413930948 25.62102263047962 1.3995296 1.3995295763015747e+00 1.3995296 1.4826735   
56 2654 0.007486705603666246 44.16597080945925 1.3995296 1.3995295763015747e+00 1.3995296 1.4295352   
57 2678 0.006378052620334738 44.40619012128166 1.3995296 1.3995295763015747e+00 1.3995296 1.4049684   
58 2702 0.007413057930392571 57.3244908358825 1.3995296 1.3995295763015747e+00 1.3995296 1.3995296   
59 2726 0.008622755820254296 43.35157138586592 1.3995296 1.3995295763015747e+00 1.3995296 1.404167   
60 2750 0.00904771650490401 73.70637564588158 1.3995296 1.3995295763015747e+00 1.3995296 1.4049684   
61 2774 0.012397399638336417 107.69975844734805 1.3995296 1.3995295763015747e+00 1.3995296 1.4027327   
1 2823 0.00934948308825411 1.0000250003125026 1.4247118 1.4247118234634399e+00 1.4912366 1.6504265   
2 2871 0.00923423345422525 1.1395653664278367 1.4049684 1.4049683809280396e+00 1.497162 1.6060964   
3 2919 0.010912029987767927 1.3649827913350692 1.4049684 1.4263734817504883e+00 1.4881701 1.6504265   
4 2967 0.010967420835997495 2.0698405084152283 1.4027327 1.4027327299118042e+00 1.4881701 1.6504265   
5 3015 0.011591988307522167 2.6121671910523623 1.4027327 1.4027327299118042e+00 1.4878601 1.5970778   
6 3063 0.011342290422264218 1.9538857001512802 1.4027327 1.4049683809280396e+00 1.4912366 1.6504265   
7 3111 0.013397990681248749 2.0749655082942415 1.4027327 1.4342150688171387e+00 1.5002458 1.6165682   
8 3159 0.013175815342582843 2.878284435383561 1.3995296 1.3995295763015747e+00 1.4912366 1.6504265   
9 3207 0.01255473338957899 2.8503742671988648 1.3995296 1.3995295763015747e+00 1.488084 1.6418828   
10 3255 0.011177743686866037 3.1441353225811417 1.3995296 1.4247118234634399e+00 1.4960968 1.6165682   
11 3303 0.00992548625721484 2.811355590716834 1.3995296 1.3995295763015747e+00 1.4864509 1.5564435   
12 3351 0.009927882531096362 3.291602050711186 1.3995296 1.4170322418212891e+00 1.5084428 1.5970778   
13 3399 0.008615109159076262 2.8241200114987848 1.3995296 1.4049683809280396e+00 1.4844912 1.6165682   
14 3447 0.009016182743011466 3.3539101959428668 1.3995296 1.4049683809280396e+00 1.4846333 1.5400851   
15 3495 0.011550609925658753 3.0243201838959908 1.3995296 1.3995295763015747e+00 1.5002458 1.5400851   
16 3543 0.0104678412596688 3.8027683740996565 1.3995296 1.4027327299118042e+00 1.4864509 1.5319849   
17 3591 0.008664368265695818 7.188996985864499 1.3995296 1.4027327299118042e+00 1.5031499 1.5855995   
18 3639 0.008412738798890278 5.694241621661492 1.3995296 1.3995295763015747e+00 1.5002458 1.5259368   
19 3687 0.009136390692640328 6.285781882078424 1.3995296 1.3995295763015747e+00 1.4920686 1.5259368   
20 3735 0.008486815707308913 6.708082564684508 1.3995296 1.4049683809280396e+00 1.4805603 1.5541044   
21 3783 0.009979558259012925 8.264033938403756 1.3995296 1.3995295763015747e+00 1.4805603 1.5400851   
22 3831 0.008272693102936315 12.442623335810016 1.3995296 1.3995295763015747e+00 1.4710641 1.5303832   
23 3879 0.008728764946986762 17.66360956146229 1.3995296 1.4049683809280396e+00 1.472921 1.5313239   
24 3927 0.007802908412240292 16.479675896123105 1.3995296 1.3995295763015747e+00 1.4736838 1.5313239   
25 3975 0.00903792036126303 17.502883605100795 1.3995296 1.3995295763015747e+00 1.4743 1.5313239   
26 4023 0.010938592536788227 17.496491570490054 1.3995296 1.3995295763015747e+00 1.4386822 1.5400851   
27 4071 0.010005338829221671 14.227487286117851 1.3995296 1.3995295763015747e+00 1.4739517 1.5400851   
28 4119 0.009641226500058955 18.987913174036546 1.3995296 1.3995295763015747e+00 1.4797581 1.5313239   
29 4167 0.008124708791387495 23.113851054026153 1.3995296 1.3995295763015747e+00 1.4797581 1.5400851   
30 4215 0.008166055120912749 21.78566202595386 1.3995296 1.3995295763015747e+00 1.472921 1.5313239   
31 4263 0.008750476220405663 17.79631007788468 1.3995296 1.3995295763015747e+00 1.4805603 1.5313239   
32 4311 0.008478452039058426 25.799786272389483 1.3995296 1.4049683809280396e+00 1.4386822 1.5313239   
33 4359 0.00789272755704277 21.865509279784217 1.3995296 1.3995295763015747e+00 1.4797581 1.5400851   
34 4407 0.008647907641277212 28.99114709581952 1.3995296 1.3995295763015747e+00 1.472921 1.5313239   
35 4455 0.010520299845525749 23.79091539730689 1.3995296 1.3995295763015747e+00 1.4817988 1.5313239   
36 4503 0.009415761736783953 28.73581188813698 1.3995296 1.3995295763015747e+00 1.4743 1.5313239   
37 4551 0.008815010808988435 25.48886687430061 1.3995296 1.3995295763015747e+00 1.4805603 1.5313239   
38 4599 0.009184739726478616 25.260914148571167 1.3995296 1.3995295763015747e+00 1.4797581 1.5313239   
39 4647 0.007664923490352231 26.521683905079215 1.3995296 1.3995295763015747e+00 1.4797581 1.5223432   
40 4695 0.007392815546418823 35.93974605103159 1.3995296 1.3995295763015747e+00 1.4839703 1.5313239   
41 4743 0.007160776143783022 56.42611826466581 1.3995296 1.3995295763015747e+00 1.4049684 1.5223432   
42 4791 0.00643487615091073 153.03311813052375 1.3995296 1.3995295763015747e+00 1.404167 1.4945707   
43 4839 0.007595221121933691 327.8497203776647 1.3995296 1.3995295763015747e+00 1.3995296 1.4049684   
1 4936 0.011065341582189678 1.0000250003125026 1.3995296 1.3995295763015747e+00 1.4912366 1.6504265   
2 5032 0.015024976182006234 1.0325190875092363 1.3995296 1.3995295763015747e+00 1.4912366 1.6497207   
3 5128 0.016806059108157304 1.2797467440544439 1.3995296 1.3995295763015747e+00 1.4881701 1.6504265   
4 5224 0.016707775354078826 1.5039967104626493 1.3995296 1.3995295763015747e+00 1.4912366 1.6504265   
5 5320 0.01552235822780031 1.4060971188555162 1.3995296 1.4041670560836792e+00 1.4912366 1.6060964   
6 5416 0.014213061579679666 1.3458201377549341 1.3995296 1.4200628995895386e+00 1.4912366 1.6497207   
7 5512 0.014492045119265475 1.5184193795228407 1.3995296 1.4041670560836792e+00 1.4912366 1.6418828   
8 5608 0.01405114520462906 1.469266444721511 1.3995296 1.4041670560836792e+00 1.4960968 1.6165682   
9 5704 0.01396115953923512 1.5729255559194557 1.3995296 1.3995295763015747e+00 1.4993021 1.6165682   
10 5800 0.012789307998090957 2.012237887275824 1.3995296 1.4041670560836792e+00 1.4864509 1.5313239   
11 5896 0.013360432753420666 2.562513986889437 1.3995296 1.4049683809280396e+00 1.5002458 1.6165682   
12 5992 0.0135798570678766 3.2435481216759126 1.3995296 1.3995295763015747e+00 1.5031736 1.5922422   
13 6088 0.013183720999138998 2.8406849439128212 1.3995296 1.3995295763015747e+00 1.5002458 1.6165682   
14 6184 0.01387202216257123 2.593828953947747 1.3995296 1.4027327299118042e+00 1.5002458 1.5617737   
15 6280 0.014034736044652656 2.636640815448575 1.3995296 1.4049683809280396e+00 1.4842525 1.5922422   
16 6376 0.014552290001208822 3.022612535474688 1.3995296 1.4027327299118042e+00 1.4864509 1.5564435   
17 6472 0.01619007642565728 3.6958127814740114 1.3995296 1.4049683809280396e+00 1.5002458 1.6504265   
18 6568 0.02073970933160274 5.054237140872319 1.3995296 1.4041670560836792e+00 1.4881701 1.6504265   
19 6664 0.022313373592094822 3.1454411226062526 1.3995296 1.4200628995895386e+00 1.4994408 1.6504265   
20 6760 0.021911043637875646 2.379981510312539 1.3995296 1.4049683809280396e+00 1.4934882 1.5970778   
21 6856 0.02321004325707834 3.145924207880526 1.3995296 1.3995295763015747e+00 1.5031736 1.6165682   
22 6952 0.021111537701993505 2.906672824014878 1.3995296 1.4049683809280396e+00 1.4881701 1.5313239   
23 7048 0.01960919092732307 2.6590178823742217 1.3995296 1.3995295763015747e+00 1.4842525 1.6060964   
24 7144 0.01860322657732386 2.928768000417357 1.3995296 1.3995295763015747e+00 1.488084 1.5863715   
25 7240 0.017531939899247968 3.552773264460923 1.3995296 1.3995295763015747e+00 1.4934882 1.6165682   
26 7336 0.015764655164492176 4.420339040517373 1.3995296 1.3995295763015747e+00 1.497162 1.6504265   
27 7432 0.014417053469867854 2.9514152153283955 1.3995296 1.3995295763015747e+00 1.5002458 1.5400851   
28 7528 0.014828567384460282 4.883985576474346 1.3995296 1.4027327299118042e+00 1.4960968 1.615913   
29 7624 0.01518032788160442 5.916487584120919 1.3995296 1.4049683809280396e+00 1.5002458 1.5400851   
30 7720 0.013488224886169433 5.470579793144527 1.3995296 1.4027327299118042e+00 1.5002458 1.5564435   
31 7816 0.013676042673289784 5.92931552429604 1.3995296 1.3995295763015747e+00 1.4934882 1.5617737   
32 7912 0.01375201975408987 8.11614295769177 1.3995296 1.3995295763015747e+00 1.4864509 1.6165682   
33 8008 0.01592964823850871 8.528505179731509 1.3995296 1.4170322418212891e+00 1.4993994 1.6504265   
34 8104 0.014114800901915922 10.681526614062484 1.3995296 1.3995295763015747e+00 1.4881701 1.6504265   
35 8200 0.014651312086786526 10.67587615820929 1.3995296 1.4027327299118042e+00 1.4960968 1.6060964   
36 8296 0.014018749985784333 8.481135756875387 1.3995296 1.3995295763015747e+00 1.4960968 1.6497207   
37 8392 0.013113613178839148 9.00285145119699 1.3995296 1.4027327299118042e+00 1.4839703 1.615913   
38 8488 0.013930184495973092 8.711865065301936 1.3995296 1.3995295763015747e+00 1.4994408 1.6418828   
39 8584 0.015439144154048122 6.052924353474034 1.3995296 1.4049683809280396e+00 1.4839703 1.5313239   
40 8680 0.015816886859063108 3.1035484175595793 1.3995296 1.3995295763015747e+00 1.4826735 1.5400851   
41 8776 0.017377757091265034 3.3147432405707127 1.3995296 1.3995295763015747e+00 1.4703871 1.5400851   
42 8872 0.018259868552921908 2.9939860565251415 1.3995296 1.3995295763015747e+00 1.4743 1.5400851   
43 8968 0.015998920837555285 3.782472640908313 1.3995296 1.3995295763015747e+00 1.4429711 1.5400851   
44 9064 0.017425564771301548 4.592628062864083 1.3995296 1.3995295763015747e+00 1.4429711 1.5400851   
45 9160 0.017156252597069134 2.437229737424825 1.3995296 1.3995295763015747e+00 1.4710641 1.5400851   
46 9256 0.017746369126720986 1.8317843944964491 1.3995296 1.3995295763015747e+00 1.4299635 1.5313239   
47 9352 0.016053636140279774 1.7947619294671775 1.3995296 1.3995295763015747e+00 1.472921 1.5400851   
48 9448 0.014871853797757042 1.4486650215033732 1.3995296 1.4027327299118042e+00 1.472921 1.5400851   
49 9544 0.019828183229528954 1.4087730091549546 1.3995296 1.3995295763015747e+00 1.4805603 1.5313239   
50 9640 0.02141715367528971 1.1857122281890922 1.3995296 1.3995295763015747e+00 1.4386822 1.5400851   
51 9736 0.020946551880233824 1.4751783539477379 1.3995296 1.3995295763015747e+00 1.472921 1.5400851   
52 9832 0.020820738293706908 1.5771349844702804 1.3995296 1.3995295763015747e+00 1.472921 1.5313239   
53 9928 0.022653660564205615 1.7100512595589024 1.3995296 1.3995295763015747e+00 1.4429711 1.5400851   
54 10024 0.02117736945605435 2.4963768248009077 1.3995296 1.3995295763015747e+00 1.4710641 1.5400851   
55 10120 0.021089556493118503 3.0304312570849135 1.3995296 1.3995295763015747e+00 1.4710641 1.5400851   
56 10216 0.022275392122233725 3.312486053830485 1.3995296 1.3995295763015747e+00 1.4710641 1.5313239   
57 10312 0.026691528261372797 3.8448193361245724 1.3995296 1.3995295763015747e+00 1.4743 1.5313239   
58 10408 0.027112667306607646 3.578322839157006 1.3995296 1.3995295763015747e+00 1.4736838 1.5400851   
1 10601 0.008964664146814556 1.0000250003125026 1.4200629 1.4200628995895386e+00 1.4912366 1.6504265   
2 10793 0.009621663999661466 1.0748751790801565 1.4200629 1.4200628995895386e+00 1.4912366 1.6504265   
3 10985 0.010347588455789638 1.5613702041235005 1.3995296 1.3995295763015747e+00 1.4912366 1.6165682   
4 11177 0.009904316819779295 1.7390680326669128 1.3995296 1.3995295763015747e+00 1.4912366 1.6504265   
5 11369 0.010133200467553458 1.890409949864273 1.3995296 1.4049683809280396e+00 1.4881701 1.6504265   
6 11561 0.010418454686941766 1.5989193532363422 1.3995296 1.3995295763015747e+00 1.4912366 1.6418828   
7 11753 0.010486713746204808 1.8549749663204527 1.3995296 1.3995295763015747e+00 1.4912366 1.6504265   
8 11945 0.010754588810257133 2.117656217188008 1.3995296 1.3995295763015747e+00 1.4912366 1.6504265   
9 12137 0.011084973662866128 2.797207092991974 1.3995296 1.4200628995895386e+00 1.4912366 1.6504265   
10 12329 0.010632717167071386 3.5294676173875743 1.3995296 1.3995295763015747e+00 1.4881701 1.6504265   
11 12521 0.009716060352704291 3.327190703169317 1.3995296 1.3995295763015747e+00 1.4912366 1.6504265   
12 12713 0.00997007864696514 3.4155026741006087 1.3995296 1.4027327299118042e+00 1.4912366 1.6504265   
13 12905 0.011305091450805176 4.44308487011072 1.3995296 1.4041670560836792e+00 1.4912366 1.6504265   
14 13097 0.011679004002752683 4.752091160135674 1.3995296 1.4027327299118042e+00 1.4881701 1.6504265   
15 13289 0.011859870124071617 5.39621964378566 1.3995296 1.3995295763015747e+00 1.497162 1.6504265   
16 13481 0.011387685171312896 5.796712704823751 1.3995296 1.4170322418212891e+00 1.4912366 1.6504265   
17 13673 0.010371069676724416 5.9781162554419085 1.3995296 1.4027327299118042e+00 1.4881701 1.6504265   
18 13865 0.01120811749282509 6.586579015895515 1.3995296 1.4181705713272095e+00 1.497162 1.6504265   
19 14057 0.010723585726186742 6.545003988608046 1.3995296 1.4027327299118042e+00 1.4881701 1.6504265   
20 14249 0.01090481312864923 6.859168555058611 1.3995296 1.3995295763015747e+00 1.4881701 1.6504265   
21 14441 0.012161312795473027 5.180320798738887 1.3995296 1.3995295763015747e+00 1.4881701 1.6504265   
22 14633 0.013307124585444726 4.230776085782504 1.3995296 1.3995295763015747e+00 1.4912366 1.6418828   
23 14825 0.013181479645120868 3.608614107825772 1.3995296 1.4041670560836792e+00 1.4912366 1.6504265   
24 15017 0.013606096739530931 3.192807638354669 1.3995296 1.3995295763015747e+00 1.4912366 1.6504265   
25 15209 0.013565295345088333 2.479085266232084 1.3995296 1.4027327299118042e+00 1.4881701 1.6497207   
26 15401 0.013703313882694008 2.104947385699716 1.3995296 1.4049683809280396e+00 1.4881701 1.6504265   
27 15593 0.013974399061299362 2.193121118057516 1.3995296 1.3995295763015747e+00 1.4960968 1.6504265   
28 15785 0.013348853066065317 1.9261301128444592 1.3995296 1.3995295763015747e+00 1.4912366 1.6497207   
29 15977 0.013257564672662148 1.6158953305828216 1.3995296 1.3995295763015747e+00 1.4912366 1.6504265   
30 16169 0.013764396091722605 2.1195818287372235 1.3995296 1.4049683809280396e+00 1.4912366 1.6504265   
31 16361 0.013539111173840553 2.3086659337358544 1.3995296 1.3995295763015747e+00 1.4912366 1.6504265   
32 16553 0.012672785507496277 2.866160524768626 1.3995296 1.3995295763015747e+00 1.488084 1.6504265   
33 16745 0.012944628897841483 2.9264519615724343 1.3995296 1.4049683809280396e+00 1.4912366 1.6504265   
34 16937 0.012775002834659986 3.1805940634944445 1.3995296 1.4027327299118042e+00 1.4934882 1.6504265   
35 17129 0.012742164943743783 4.203279861155822 1.3995296 1.3995295763015747e+00 1.4881701 1.6418828   
36 17321 0.013090247066050182 3.7372834808493627 1.3995296 1.3995295763015747e+00 1.4912366 1.6504265   
37 17513 0.013530910166598633 3.312034760189387 1.3995296 1.3995295763015747e+00 1.4912366 1.6504265   
38 17705 0.01394234103383321 3.676820391120608 1.3995296 1.3995295763015747e+00 1.4912366 1.6504265   
39 17897 0.01325294065372661 3.6202123755569335 1.3995296 1.3995295763015747e+00 1.4912366 1.6504265   
40 18089 0.013872243167453483 3.739127417542456 1.3995296 1.4027327299118042e+00 1.4912366 1.6504265   
41 18281 0.013178320511567764 4.018740135952921 1.3995296 1.4027327299118042e+00 1.4881701 1.6504265   
42 18473 0.013952330308649123 3.5635489908598936 1.3995296 1.4027327299118042e+00 1.4912366 1.6504265   
43 18665 0.015055149039367907 3.890888618962408 1.3995296 1.3995295763015747e+00 1.4881701 1.6504265   
44 18857 0.013679068096289953 3.302221903996757 1.3995296 1.4049683809280396e+00 1.4912366 1.6504265   
45 19049 0.016633127831585708 2.6626220101970115 1.3995296 1.3995295763015747e+00 1.4912366 1.6504265   
46 19241 0.015829190848200624 2.1006084472405835 1.3995296 1.3995295763015747e+00 1.4912366 1.6504265   
47 19433 0.016376270964230707 2.051050675180785 1.3995296 1.3995295763015747e+00 1.4881701 1.6504265   
48 19625 0.01621293508174414 1.7616754476428274 1.3995296 1.3995295763015747e+00 1.4912366 1.6504265   
49 19817 0.014979302876876875 1.7208321347092197 1.3995296 1.4041670560836792e+00 1.4912366 1.6504265   
50 20009 0.015043198960789471 1.461889038788297 1.3995296 1.4041670560836792e+00 1.4881701 1.6504265   
51 20201 0.016738503065243576 1.2769966151426742 1.3995296 1.3995295763015747e+00 1.4881701 1.6504265   
52 20393 0.01996673584275383 1.6767628798589522 1.3995296 1.3995295763015747e+00 1.4881701 1.6504265   
53 20585 0.020583917130084922 1.723721394342462 1.3995296 1.3995295763015747e+00 1.4881701 1.6504265   
54 20777 0.019231782291797832 1.9716546463263571 1.3995296 1.3995295763015747e+00 1.4881701 1.6504265   
55 20969 0.020868575792141537 1.6775427743929412 1.3995296 1.3995295763015747e+00 1.4912366 1.6504265   
56 21161 0.020869054609198048 1.943952203772134 1.3995296 1.4041670560836792e+00 1.4912366 1.6504265   
57 21353 0.01946354196453072 1.9789742889070818 1.3995296 1.4049683809280396e+00 1.4912366 1.6418828   
58 21545 0.02061051696111673 2.2940875330978034 1.3995296 1.4232921600341797e+00 1.4912366 1.6504265   
59 21737 0.018607709004624728 2.198535211347951 1.3995296 1.3995295763015747e+00 1.4912366 1.6504265   
60 21929 0.01853100062513652 2.3631468772458564 1.3995296 1.3995295763015747e+00 1.4881701 1.6504265   
61 22121 0.018956424143613877 2.764812805562681 1.3995296 1.4041670560836792e+00 1.4881701 1.6504265   
62 22313 0.017457180685426125 2.365649336264737 1.3995296 1.4049683809280396e+00 1.4881701 1.6504265   
63 22505 0.01841593032194895 2.644298589874706 1.3995296 1.3995295763015747e+00 1.4881701 1.6504265   
64 22697 0.020150086553407293 2.9226833757268724 1.3995296 1.3995295763015747e+00 1.4881701 1.6504265   
65 22889 0.020531466145659486 3.0070242633342676 1.3995296 1.3995295763015747e+00 1.4912366 1.6504265   
66 23081 0.02014411419433704 2.779467437672812 1.3995296 1.4027327299118042e+00 1.4912366 1.6504265   
67 23273 0.019430768200403944 3.0448601752569355 1.3995296 1.3995295763015747e+00 1.4912366 1.6418828   
68 23465 0.01945801610352397 2.6574443412114412 1.3995296 1.4027327299118042e+00 1.4881701 1.6504265   
69 23657 0.01910006536223436 2.354746418465165 1.3995296 1.4041670560836792e+00 1.4912366 1.6504265   
70 23849 0.017368814963828347 2.8237964118366894 1.3995296 1.3995295763015747e+00 1.4920686 1.6504265   
71 24041 0.016661234591853626 3.1583694644217983 1.3995296 1.4041670560836792e+00 1.4881701 1.6504265   
72 24233 0.019562079251267225 3.0872179365792496 1.3995296 1.3995295763015747e+00 1.4881701 1.6504265   
73 24425 0.019243465297895508 3.0352032801489597 1.3995296 1.4027327299118042e+00 1.4912366 1.6504265   
74 24617 0.017936389940456987 2.629627829020476 1.3995296 1.4049683809280396e+00 1.4934882 1.6504265   
75 24809 0.01869921675799259 2.8902347704669045 1.3995296 1.3995295763015747e+00 1.4912366 1.6504265   
76 25001 0.018506915309198426 2.930567201321957 1.3995296 1.3995295763015747e+00 1.4881701 1.6504265   
77 25193 0.019782561635896017 3.3287584963605323 1.3995296 1.4200628995895386e+00 1.4881701 1.6504265   
78 25385 0.020428545608235493 2.7293510453000662 1.3995296 1.3995295763015747e+00 1.4881701 1.6504265   
79 25577 0.019107440073889845 3.1501313790884167 1.3995296 1.3995295763015747e+00 1.4912366 1.6504265   
80 25769 0.01842554303571376 2.425012487817165 1.3995296 1.3995295763015747e+00 1.4912366 1.6504265   
81 25961 0.017413441414416746 2.0470619467157554 1.3995296 1.4181705713272095e+00 1.497162 1.6504265   
82 26153 0.016926294601550304 2.438573219412425 1.3995296 1.3995295763015747e+00 1.4934882 1.6504265   
83 26345 0.018652769203642533 2.465962214537885 1.3995296 1.3995295763015747e+00 1.4912366 1.6504265   
84 26537 0.020178186739924334 2.3172306722896643 1.3995296 1.4027327299118042e+00 1.4912366 1.6504265   
85 26729 0.021899786543294626 2.020902348217559 1.3995296 1.4027327299118042e+00 1.4912366 1.6504265   
86 26921 0.025195528070929177 2.170725716493057 1.3995296 1.4181705713272095e+00 1.4881701 1.6504265   
87 27113 0.027381616546817703 2.393992415166295 1.3995296 1.3995295763015747e+00 1.4881701 1.6504265   
88 27305 0.026541538056531193 2.727448781195655 1.3995296 1.4027327299118042e+00 1.4912366 1.6165682   
89 27497 0.027325207091743606 2.762737043323685 1.3995296 1.3995295763015747e+00 1.4881701 1.6504265   
90 27689 0.02618524543339479 3.093684549540144 1.3995296 1.3995295763015747e+00 1.4920686 1.6504265   
91 27881 0.02866902681698662 2.5458873429874065 1.3995296 1.3995295763015747e+00 1.4912366 1.6504265   
92 28073 0.027255835079009305 2.834262646654353 1.3995296 1.4170322418212891e+00 1.4912366 1.6504265   
93 28265 0.026070884572766673 2.9361253538655236 1.3995296 1.3995295763015747e+00 1.4987856 1.6504265   
94 28457 0.026093866744287077 3.2323428473283795 1.3995296 1.4041670560836792e+00 1.4881701 1.6504265   
95 28649 0.025291521811931124 2.769923954004408 1.3995296 1.3995295763015747e+00 1.4912366 1.6504265   
96 28841 0.023422432615634432 3.058909782140068 1.3995296 1.3995295763015747e+00 1.4912366 1.6497207   
97 29033 0.022127265847105594 3.1532763052762562 1.3995296 1.3995295763015747e+00 1.4912366 1.6504265   
98 29225 0.022096570248285118 3.706635958242234 1.3995296 1.4049683809280396e+00 1.4912366 1.6504265   
99 29417 0.022248243289765386 3.5174757950297186 1.3995296 1.3995295763015747e+00 1.4912366 1.6504265   
100 29609 0.02281236436539798 4.494218300986035 1.3995296 1.4041670560836792e+00 1.4912366 1.6504265   
101 29801 0.02226421535812882 3.6170915684888603 1.3995296 1.4041670560836792e+00 1.4934882 1.6504265   
102 29993 0.02239522577810962 3.403478956798353 1.3995296 1.4049683809280396e+00 1.4912366 1.6504265   
103 30185 0.023692824992522277 2.711182300508406 1.3995296 1.4027327299118042e+00 1.4881701 1.6497207   
104 30377 0.022691835711424437 2.54026144018254 1.3995296 1.4027327299118042e+00 1.4881701 1.6504265   
105 30569 0.021011263679249947 2.920376215031297 1.3995296 1.3995295763015747e+00 1.4881701 1.6504265   
106 30761 0.019216018503265538 2.40938366793903 1.3995296 1.4041670560836792e+00 1.4920686 1.6418828   
107 30953 0.019695442079621754 2.3485335987689435 1.3995296 1.4041670560836792e+00 1.5002458 1.6060964   
108 31145 0.019513196087700944 3.2025122709123246 1.3995296 1.4027327299118042e+00 1.4912366 1.6418828   
109 31337 0.019827546073884733 3.7716472308656437 1.3995296 1.3995295763015747e+00 1.488084 1.6504265   
110 31529 0.020269522331325583 3.867300113774779 1.3995296 1.4027327299118042e+00 1.4934882 1.6165682   
111 31721 0.020677046802668887 4.255958914008595 1.3995296 1.4027327299118042e+00 1.4878601 1.6504265   
112 31913 0.020297079926608317 3.709606244269881 1.3995296 1.3995295763015747e+00 1.488084 1.5567182   
113 32105 0.02023789094134139 3.488866741729682 1.3995296 1.4041670560836792e+00 1.4960968 1.6165682   
114 32297 0.022298444986948465 4.074284207060446 1.3995296 1.3995295763015747e+00 1.5002458 1.6165682   
115 32489 0.021302014903208925 4.231779494950304 1.3995296 1.3995295763015747e+00 1.4920686 1.6060964   
116 32681 0.01988963319016246 3.257693675969417 1.3995296 1.3995295763015747e+00 1.488084 1.615913   
117 32873 0.018041578364921346 3.5141183105519573 1.3995296 1.3995295763015747e+00 1.497162 1.6504265   
118 33065 0.016509767593079577 3.7224694775567873 1.3995296 1.4027327299118042e+00 1.497162 1.6497207   
119 33257 0.01673958466817211 3.247010919895462 1.3995296 1.3995295763015747e+00 1.5002458 1.6504265   
120 33449 0.017637546013460487 3.5675040389633774 1.3995296 1.4049683809280396e+00 1.497162 1.6418828   
121 33641 0.01696747184143441 4.21087720309933 1.3995296 1.3995295763015747e+00 1.5002458 1.6497207   
122 33833 0.01586344649995476 5.590269090890439 1.3995296 1.3995295763015747e+00 1.4960968 1.6504265   
123 34025 0.01666021098414752 5.5411987088410575 1.3995296 1.4027327299118042e+00 1.497162 1.6504265   
124 34217 0.01515113517238812 7.10579552974945 1.3995296 1.3995295763015747e+00 1.4993994 1.6504265   
125 34409 0.017269060548173686 5.784831389766402 1.3995296 1.3995295763015747e+00 1.5002458 1.6418828   
126 34601 0.016653955228434693 4.3517298952459385 1.3995296 1.4027327299118042e+00 1.497162 1.6418828   
127 34793 0.016446375955349615 4.374274963791316 1.3995296 1.3995295763015747e+00 1.4864509 1.6418828   
128 34985 0.01669595212601394 3.3616759738229893 1.3995296 1.3995295763015747e+00 1.4864509 1.6504265   
129 35177 0.017979463163728258 2.3276899526734134 1.3995296 1.4041670560836792e+00 1.488084 1.5400851   
130 35369 0.019447821524755354 2.2416207347688815 1.3995296 1.3995295763015747e+00 1.4864509 1.5970778   
131 35561 0.018983557791141813 2.6171029931019625 1.3995296 1.3995295763015747e+00 1.482503 1.5400851   
132 35753 0.01952763241015158 2.3948740870983096 1.3995296 1.3995295763015747e+00 1.4797581 1.5564435   
133 35945 0.019008070982935867 1.8069191113218595 1.3995296 1.3995295763015747e+00 1.473479 1.5400851   
134 36137 0.017447592284843973 2.057732036154786 1.3995296 1.3995295763015747e+00 1.4710641 1.5400851   
135 36329 0.01784349687615269 2.7786333089342037 1.3995296 1.3995295763015747e+00 1.4429711 1.5400851   
136 36521 0.016930535157234028 2.786167525130548 1.3995296 1.4027327299118042e+00 1.4386822 1.5400851   
137 36713 0.01686910877830652 2.9068452236360987 1.3995296 1.3995295763015747e+00 1.4342151 1.5400851   
138 36905 0.015630548473255502 3.247619532902478 1.3995296 1.4170322418212891e+00 1.425804 1.5313239   
139 37097 0.016317253527666577 9.70619387907679 1.3995296 1.4170322418212891e+00 1.4200629 1.4805603   
140 37289 0.016743432024073454 9.92865539839575 1.3995296 1.4170322418212891e+00 1.4200629 1.4429711   
141 37481 0.01685245640184771 11.732327239542853 1.3995296 1.4170322418212891e+00 1.4200629 1.4429711   
142 37673 0.016855469395143003 11.256456502476322 1.3995296 1.4170322418212891e+00 1.4232922 1.4429711   
143 37865 0.016566025695788585 13.744661316025566 1.3995296 1.4170322418212891e+00 1.4200629 1.4386822   
144 38057 0.015702838489722183 25.600286086517446 1.3995296 1.4170322418212891e+00 1.4170322 1.4386822   
145 38249 0.01676997404904325 42.274097210976635 1.3995296 1.4170322418212891e+00 1.4170322 1.4386822   
1 38634 0.008978064052041781 1.0000250003125026 1.3995296 1.3995295763015747e+00 1.4912366 1.6504265   
2 39018 0.009226489643877445 1.0932794742884469 1.3995296 1.4027327299118042e+00 1.4912366 1.6504265   
3 39402 0.009316067521168387 1.414808825862107 1.3995296 1.3995295763015747e+00 1.4881701 1.6504265   
4 39786 0.010548195657341016 1.397692202606565 1.3995296 1.3995295763015747e+00 1.4881701 1.6504265   
5 40170 0.010590672902526105 1.3399872958163888 1.3995296 1.3995295763015747e+00 1.4881701 1.6504265   
6 40554 0.010788583531986572 1.2365874348029806 1.3995296 1.3995295763015747e+00 1.4912366 1.6504265   
7 40938 0.011336810367667788 1.3030291267669716 1.3995296 1.3995295763015747e+00 1.4912366 1.6504265   
8 41322 0.01124426556954954 1.4369249733870781 1.3995296 1.3995295763015747e+00 1.4912366 1.6504265   
9 41706 0.011625698065540653 1.2383694984705522 1.3995296 1.3995295763015747e+00 1.4912366 1.6504265   
10 42090 0.011813065883905747 1.4401682948342078 1.3995296 1.3995295763015747e+00 1.4881701 1.6504265   
11 42474 0.012158430922526537 1.4687741584265896 1.3995296 1.3995295763015747e+00 1.4881701 1.6504265   
12 42858 0.011706888728895883 1.465875664494053 1.3995296 1.3995295763015747e+00 1.4912366 1.6504265   
1 43627 0.009285639866563628 1.0000250003125026 1.3995296 1.3995295763015747e+00 1.4912366 1.6504265   
2 44395 0.009510777850084999 1.13365661690088 1.3995296 1.3995295763015747e+00 1.4881701 1.6504265   
3 45163 0.010215990764937321 1.2156125812375584 1.3995296 1.3995295763015747e+00 1.4912366 1.6504265   
4 45931 0.01028786735682589 1.2701206912122374 1.3995296 1.3995295763015747e+00 1.4912366 1.6504265   
5 46699 0.010293976666667102 1.3549327660964068 1.3995296 1.3995295763015747e+00 1.4912366 1.6504265   
6 47467 0.010829163880967479 1.3562846819239012 1.3995296 1.3995295763015747e+00 1.4881701 1.6504265   
7 48235 0.010291803813515046 1.4733222809627002 1.3995296 1.3995295763015747e+00 1.4912366 1.6504265   
8 49003 0.01036765349915326 1.533825959066747 1.3995296 1.3995295763015747e+00 1.4912366 1.6504265   
9 49771 0.010444499014150236 1.3865420762303649 1.3995296 1.3995295763015747e+00 1.4912366 1.6504265   
10 50539 0.011002910698085212 1.2757548785478998 1.3995296 1.3995295763015747e+00 1.4912366 1.6504265   
1 52076 0.009652863392657437 1.0000250003125026 1.3995296 1.3995295763015747e+00 1.4912366 1.6504265   
2 53612 0.010508883798452506 1.1186090125103105 1.3995296 1.3995295763015747e+00 1.4912366 1.6504265   
3 55148 0.010593618523195288 1.2109426960390315 1.3995296 1.3995295763015747e+00 1.4881701 1.6504265   
4 56684 0.01029972275222944 1.2436992860237197 1.3995296 1.3995295763015747e+00 1.4881701 1.6504265   
5 58220 0.010329306418709733 1.2113105244248268 1.3995296 1.3995295763015747e+00 1.4912366 1.6504265   
6 59756 0.011133413075568338 1.2575521497042599 1.3995296 1.3995295763015747e+00 1.4912366 1.6504265   
7 61292 0.011382122806676597 1.2079828981778031 1.3995296 1.3995295763015747e+00 1.4912366 1.6504265   
8 62828 0.011948103161779442 1.1756210191796603 1.3995296 1.3995295763015747e+00 1.4912366 1.6504265   
9 64364 0.01192399219768482 1.1212725516233193 1.3995296 1.3995295763015747e+00 1.4912366 1.6504265   
10 65900 0.011796929048821845 1.0991212424355787 1.3995296 1.3995295763015747e+00 1.4881701 1.6504265   
1 68973 0.0096228853370964 1.0000250003125026 1.3995296 1.3995295763015747e+00 1.4881701 1.6504265   
2 72045 0.010115979901934509 1.1344610635842522 1.3995296 1.3995295763015747e+00 1.4912366 1.6504265   
3 75117 0.010190654870068018 1.2373807145043252 1.3995296 1.3995295763015747e+00 1.4912366 1.6504265   
4 78189 0.010897785933509936 1.3280671980879013 1.3995296 1.3995295763015747e+00 1.4912366 1.6504265   
5 81261 0.010983766119689703 1.2801846684926488 1.3995296 1.3995295763015747e+00 1.4912366 1.6504265   
6 84333 0.011236619965004446 1.2352500383255247 1.3995296 1.3995295763015747e+00 1.4912366 1.6504265   
7 87405 0.011676855678167024 1.2019597903928216 1.3995296 1.3995295763015747e+00 1.4912366 1.6504265   
8 90477 0.011712074938361777 1.1445817551428792 1.3995296 1.3995295763015747e+00 1.4881701 1.6504265   
9 93549 0.01227017869448856 1.1006065544148118 1.3995296 1.3995295763015747e+00 1.4881701 1.6504265   
10 96621 0.012253658089915603 1.063753704546753 1.3995296 1.3995295763015747e+00 1.4912366 1.6504265   
