% # columns="iter, evals, sigma, 0, fitness, xbest" seed=911874, Sat Oct  9 03:11:20 2021, <python>{}</python>
1 6 0.007169672280823015 0 1.456075 0.0037994444248629303 112.810220351812
2 12 0.007400004193196895 0 1.4495379 0.004423560863729993 112.81343937911775
3 18 0.007587340016891262 0 1.4263735 0.006955875976193762 112.81568624092911
4 24 0.007582553553935934 0 1.4200629 0.007522388186797496 112.8183322959604
5 30 0.005840976467281284 0 1.477681 0.0030465075135757366 112.81625770176466
6 36 0.006054296037269856 0 1.4400285 0.003697164953503376 112.82215221581437
7 42 0.005077747644206023 0 1.4410402 0.0035043369603535717 112.81835842939465
8 48 0.0052795016740399105 0 1.4400285 0.003663530559585972 112.8266728389847
9 54 0.008510226241171778 0 1.425804 0.007573421788055531 112.8328123111247
10 60 0.014360808559427465 0 1.4170322 0.00743361472970339 112.83980454854498
11 66 0.014955907138714156 0 1.444672 0.009997029895130684 112.84919594330428
12 72 0.014086829985072201 0 1.4170322 0.0074188324641317645 112.85499250569535
13 78 0.013537949344930607 0 1.4544946 0.004344487865572311 112.86203037672162
14 84 0.017842412490960226 0 1.4170322 0.007403858679420756 112.85870076730579
15 90 0.022922362303352654 0 1.4279063 0.006845181999493738 112.8695394605304
16 96 0.023700390280416248 0 1.4342151 0.007113251577835969 112.87218753809867
17 102 0.0198366698736468 0 1.444672 0.009999264435132825 112.86836046988545
18 108 0.014615952433707665 0 1.4386822 0.007384514315698856 112.8695075992863
19 114 0.012608245703151262 0 1.444672 0.009965859460511014 112.8611434865115
20 120 0.010348942482363939 0 1.444672 0.00999957574551418 112.8628764352753
21 126 0.00818871095022683 0 1.444672 0.00998290479358252 112.86251124778859
22 132 0.008079434588040137 0 1.4200629 0.007537343809870782 112.86659589030401
23 138 0.008277379589574554 0 1.435872 0.006367678313468911 112.86891155398925
24 144 0.009614878573898606 0 1.4410402 0.0035448632379431744 112.86801842615307
25 150 0.008570613279361266 0 1.4410402 0.003636453776552727 112.87095603633466
26 156 0.009295499498088597 0 1.444672 0.00998938676671555 112.86533123469218
27 162 0.008155048507627296 0 1.473479 0.008654213936467179 112.86906621956855
28 168 0.0089009989911248 0 1.444672 0.009998134771066057 112.8641412294795
29 174 0.014851219417695854 0 1.425804 0.007575074103373229 112.85946531473085
30 180 0.016397149348064688 0 1.4289441 0.006857511283443814 112.85832951614748
31 186 0.018512568073168766 0 1.4354788 0.00485690368106554 112.85375771165702
32 192 0.018036322277466526 0 1.4258639 0.006510122101986966 112.85772990871943
33 198 0.023109457212989556 0 1.4289441 0.006859638967368898 112.84461528464865
34 204 0.031835405647415924 0 1.4530654 0.004127877476639575 112.83576573289017
35 210 0.04823390667051673 0 1.4170322 0.007398738197083934 112.80160030282649
36 216 0.05122405363568993 0 1.444672 0.00998009033729255 112.80061948113455
37 222 0.04070503123934978 0 1.4842525 0.00796982305960125 112.83731918955473
38 228 0.03485271883651597 0 1.4410402 0.0036400807549081047 112.85104357695374
39 234 0.03331481517230833 0 1.4263735 0.00692114053851566 112.86111571843857
40 240 0.03274402034104899 0 1.4049684 0.008283229809263036 112.86218788325009
41 246 0.02497274663925264 0 1.444672 0.009996076478374567 112.84411493969162
42 252 0.028484026248610277 0 1.4707488 0.003973165036878342 112.86010510705789
43 258 0.027124110262957624 0 1.4263735 0.006909533175402354 112.87102156917574
44 264 0.030649697577032325 0 1.4279063 0.006835652993035602 112.84101762137524
45 270 0.03285370876140181 0 1.4429908 0.007064071384752118 112.8599543726244
46 276 0.024799081742578756 0 1.4258639 0.006509516524860537 112.86172901373133
47 282 0.024527205210455677 0 1.4743 0.008474087323055522 112.84252133886243
48 288 0.01974576250053792 0 1.4381801 0.0023677747305094034 112.85188636289577
49 294 0.014058215687050544 0 1.477681 0.003085276401453232 112.8518375306761
50 300 0.010440866428906452 0 1.444672 0.009999740810032801 112.84488752128335
51 306 0.00911037443688957 0 1.4342151 0.007129303470799228 112.84887991417831
52 312 0.010177954246010314 0 1.4247118 0.00724693782041339 112.84855305116726
53 318 0.007396222166877161 0 1.4247118 0.007287948306564169 112.84873235004106
54 324 0.0067120340496335945 0 1.425804 0.007573628108053574 112.84830112605934
55 330 0.007764282143527632 0 1.4181706 0.006994333455573272 112.84854278640944
56 336 0.007275059437334293 0 1.4247118 0.00725661888546174 112.84844111384432
57 342 0.007310139574941367 0 1.4710641 0.007750031706497644 112.84811940667714
58 348 0.00568428827076917 0 1.4200629 0.007550741489519617 112.84825035878602
59 354 0.005680654317397756 0 1.425804 0.007592984260554292 112.84844330544067
60 360 0.007330778039423111 0 1.404167 0.00813313956027412 112.84810724358829
61 366 0.005446474675553518 0 1.4232922 0.007472699736528204 112.84839839206228
62 372 0.006022390677435524 0 1.3995296 0.00819655023948579 112.84769965517167
63 378 0.005235206249535297 0 1.404167 0.008140166106174258 112.84781878562424
64 384 0.005046456230360697 0 1.4200629 0.007524511893674915 112.8481639872861
65 390 0.004523020358442335 0 1.3995296 0.008177393348579459 112.84780341612321
66 396 0.004616000177339431 0 1.4200629 0.007545831291495981 112.84836680048438
67 402 0.0036933866764484453 0 1.4049684 0.00823921175329594 112.84760556712143
68 408 0.003689008028334473 0 1.404167 0.008148919644232106 112.84775917468255
69 414 0.0027017323579555798 0 1.3995296 0.008170336301710837 112.84770654789432
70 420 0.003197494880877749 0 1.4739517 0.008436458601458132 112.84737904895445
71 426 0.0025925765710311014 0 1.3995296 0.008165494573595463 112.84774563108247
72 432 0.0018967934568310208 0 1.404167 0.008146671808415927 112.84771758156879
73 438 0.0017391884586477793 0 1.3995296 0.008176303355568392 112.84772401635854
74 444 0.0012738440367402928 0 1.404167 0.008153178173757101 112.84774271927327
75 450 0.0012455641225852482 0 1.3995296 0.008173778401070655 112.847732901875
76 456 0.0009771132107972797 0 1.3995296 0.008194111807043401 112.84769561950085
77 462 0.0008913441441795515 0 1.3995296 0.008184499298713607 112.84769538438559
78 468 0.001223922140092344 0 1.3995296 0.008183609944561009 112.84767474857597
79 474 0.0012212192729445734 0 1.3995296 0.008162904679579388 112.84772678802533
80 480 0.001071087534180311 0 1.3995296 0.008181822664087388 112.84768040372519
81 486 0.0008502534598926248 0 1.3995296 0.008158056456284531 112.84770649845827
82 492 0.0008687426550017204 0 1.3995296 0.008193986516147672 112.84766304883414
1 505 0.01255460228818567 0 1.4381801 0.002381849916276302 112.81924289513377
2 517 0.012385430453044983 0 1.444672 0.009998913570032025 112.82237472137885
3 529 0.010017208801141885 0 1.4170322 0.007412400398440287 112.82188464864724
4 541 0.012180231971467564 0 1.4299635 0.007200347106426081 112.82566430785812
5 553 0.012238205485847932 0 1.444672 0.009993392661205573 112.83008305712362
6 565 0.013710558111998323 0 1.444672 0.009991211960016837 112.82813521315589
7 577 0.016518404545109684 0 1.404167 0.00815495018438792 112.80892906749749
8 589 0.02126319140732387 0 1.4049684 0.008282146038285901 112.83640114208272
9 601 0.030343627428378584 0 1.4429908 0.0070559191428054766 112.80903211101128
10 613 0.02700043751998871 0 1.4170322 0.0074217872976876185 112.82228729259909
11 625 0.021801285826920237 0 1.4200629 0.007492912131533367 112.83929301353466
12 637 0.018248379148317503 0 1.4049684 0.008278224551547494 112.81496612376058
13 649 0.013927379931933678 0 1.456075 0.003806814730544699 112.81697023973739
14 661 0.01269923542748536 0 1.4632587 0.008976448433554185 112.82096746839709
15 673 0.016490774333988243 0 1.4049684 0.008256596616150752 112.82992051322655
16 685 0.011930487417795984 0 1.4200629 0.007529015402275522 112.8302892828606
17 697 0.010058342167590346 0 1.4400285 0.003668171788018127 112.83193853889138
18 709 0.008059778950750506 0 1.4181706 0.007028587742208339 112.82821439701506
19 721 0.009326862691697682 0 1.4200629 0.007508661739865109 112.83150072640927
20 733 0.006672546951958794 0 1.4200629 0.007482553113263513 112.8277306904263
21 745 0.00701094142162569 0 1.3995296 0.008160962425643507 112.83069108175287
22 757 0.006426657512397631 0 1.4049684 0.008286605693179523 112.82754446463817
23 769 0.006396485543300363 0 1.4279063 0.0068397391801533515 112.8281375040626
24 781 0.0048241639292074855 0 1.4289441 0.006886384657420774 112.82930581190762
25 793 0.003960439696072747 0 1.4429908 0.007056770212573307 112.82803478944221
26 805 0.003057212062118209 0 1.4289441 0.006852876329502671 112.82764057638818
27 817 0.002912236199458163 0 1.3995296 0.008167679538752066 112.82839213302354
28 829 0.0035819893261139577 0 1.4027327 0.008202330811459399 112.82764958795507
29 841 0.003027004953400083 0 1.4181706 0.007011489344642645 112.82790494277495
30 853 0.004530884673680463 0 1.4247118 0.007278365349401062 112.82741185506475
31 865 0.004746986751818956 0 1.4247118 0.007281051602171193 112.82830459993421
32 877 0.0044265188533974325 0 1.4170322 0.007434038129738478 112.82774722448184
33 889 0.0038196451990154955 0 1.4181706 0.007017542254786511 112.82791051926134
34 901 0.006227794426449435 0 1.4049684 0.008236570686723064 112.82731665597737
35 913 0.007024476346915873 0 1.4027327 0.008219338095076897 112.82816549403148
36 925 0.005625572036610561 0 1.4049684 0.00828716880127283 112.82687971036752
37 937 0.005201399126096784 0 1.4232922 0.007479821773684269 112.82878627004825
38 949 0.005541384777131984 0 1.4170322 0.00739886095864487 112.82736472792106
39 961 0.005420668697482498 0 1.4232922 0.0074396361296217624 112.82800814976561
40 973 0.005876792597025473 0 1.4263735 0.006983328631791293 112.82858135989333
41 985 0.005030628342270778 0 1.4263735 0.006905972186411102 112.83070114620277
42 997 0.005091953743220135 0 1.4181706 0.006990408355973117 112.82880642151672
43 1009 0.005083274226063078 0 1.4170322 0.00739521789436071 112.82794820122294
44 1021 0.004238586527073677 0 1.4181706 0.007021045552895889 112.82766592608135
45 1033 0.004099745132857902 0 1.4247118 0.007248746264150131 112.8285926135348
46 1045 0.005240822986694011 0 1.4247118 0.007210775291404617 112.8302877602886
47 1057 0.006718221090599934 0 1.4181706 0.006986612503033114 112.83197544456087
48 1069 0.005008439192697594 0 1.4181706 0.007017655645621224 112.83059659199627
49 1081 0.006377651376020192 0 1.4263735 0.006966459711191669 112.82925882923173
50 1093 0.005503478400960705 0 1.4181706 0.007015067640522557 112.83038555113814
51 1105 0.006632676085265784 0 1.4170322 0.007400368926863327 112.83132340042702
52 1117 0.007876242457677754 0 1.4170322 0.007431771848116956 112.82963254220331
53 1129 0.00746907680662792 0 1.4170322 0.007414359147876179 112.83085701440886
54 1141 0.006854267652236429 0 1.4200629 0.007551930185137784 112.8297855866225
55 1153 0.006159516751067545 0 1.4170322 0.007412795162006155 112.83061833409975
56 1165 0.0053188702849038295 0 1.4170322 0.007391288696526891 112.82948639160318
57 1177 0.004401730157722783 0 1.4170322 0.007396972376620941 112.82820157459425
58 1189 0.003640112889822773 0 1.4170322 0.007405290463159216 112.83009895096487
59 1201 0.0033124734673875447 0 1.4170322 0.007418715801164762 112.83061643805524
60 1213 0.003499675322835017 0 1.4170322 0.007407294406495368 112.83028794219985
61 1225 0.0031504656075893086 0 1.4170322 0.007394844384733633 112.82966353551448
62 1237 0.0027427806797766224 0 1.4170322 0.007416893383209086 112.83063671543509
63 1249 0.0033298424570051407 0 1.4170322 0.007434009240362279 112.83164631369657
64 1261 0.003762196304687392 0 1.4170322 0.007423166903045794 112.8296993494342
65 1273 0.0029485167946821417 0 1.4170322 0.007420530544103015 112.83095796918239
66 1285 0.0022919656617877144 0 1.4170322 0.007418102012942797 112.83020726552361
67 1297 0.002050509917313814 0 1.4170322 0.0074196110780297645 112.83057942725178
68 1309 0.0019354530560469314 0 1.4170322 0.0074183204100283584 112.8301544144969
1 1334 0.01127674983909354 0 1.4299635 0.007194214975637981 112.8069218274423
2 1358 0.010446143626464347 0 1.4386822 0.0073576568929066425 112.80409117003205
3 1382 0.011362569338446387 0 1.4027327 0.008200113231501972 112.78720735330317
4 1406 0.011528429600118906 0 1.4200629 0.0075518576050691245 112.80111782241612
5 1430 0.015657457374697762 0 1.4049684 0.008278680642764005 112.83294885316114
6 1454 0.01738656838727785 0 1.444672 0.009999798927278087 112.7883060864532
7 1478 0.017900929704325517 0 1.4247118 0.007234864514998723 112.80445723036921
8 1502 0.023189111728130173 0 1.4279063 0.006838680163720007 112.77360627565304
9 1526 0.019580249722706985 0 1.3995296 0.008179087095409793 112.82652654785842
10 1550 0.018634163161115956 0 1.425804 0.007605036913756958 112.81214445598192
11 1574 0.017811974940820572 0 1.4200629 0.0075066228217787745 112.80030685525698
12 1598 0.01682216160442326 0 1.4299635 0.0071658807494051225 112.76707140918207
13 1622 0.020642057236075966 0 1.4170322 0.007402573511090022 112.76291379678763
14 1646 0.015799569873557788 0 1.4232922 0.007469828951141181 112.77678743795006
15 1670 0.01916677934288974 0 1.444672 0.009999997668709158 112.78465011456731
16 1694 0.017683327394406447 0 1.4429711 0.0073187919043615525 112.80681667625005
17 1718 0.019318157355551473 0 1.4181706 0.006998436881228875 112.77923121615156
18 1742 0.017856068265257593 0 1.4049684 0.008284212999349758 112.82951132438077
19 1766 0.02193479029193201 0 1.4429711 0.007326601471765108 112.78511092260426
20 1790 0.01871486095032029 0 1.4232922 0.007456573741940023 112.77045355834096
21 1814 0.015114556203926946 0 1.4263735 0.006960295657407917 112.80025565105745
22 1838 0.014978008735347452 0 1.4049684 0.008252928681479388 112.79800992334256
23 1862 0.012542552434491167 0 1.444672 0.009987653557671585 112.78889273170563
24 1886 0.01615964594706513 0 1.4200629 0.007486725949095699 112.78073386894867
25 1910 0.014555324334679065 0 1.4263735 0.0069493866718020065 112.7763654076506
26 1934 0.016716717609182426 0 1.4279063 0.006839824182750362 112.78230819707993
27 1958 0.01839670620677404 0 1.3995296 0.008188364553305136 112.7949053864114
28 1982 0.022751260683724496 0 1.3995296 0.00819073405152174 112.80106758553029
29 2006 0.023146621155820116 0 1.3995296 0.008190522566556424 112.76343061710458
30 2030 0.02255871417763662 0 1.4049684 0.008270479029085124 112.76280891004564
31 2054 0.020943836463061326 0 1.4049684 0.008268319865835894 112.7747280960395
32 2078 0.02099976208451399 0 1.425804 0.007586148514978627 112.79522374416617
33 2102 0.018805505444772438 0 1.4049684 0.008244380668304173 112.77961962407288
34 2126 0.018639936731954684 0 1.4027327 0.00820271881568199 112.7722897917332
35 2150 0.019595027190125732 0 1.4170322 0.007402275213118483 112.78409461632897
36 2174 0.019801449295695148 0 1.404167 0.008138927423680043 112.77428679616081
37 2198 0.020224686583234487 0 1.3995296 0.008162781035937846 112.78266965738841
38 2222 0.020703797845173046 0 1.4279063 0.006823985842661806 112.77259264310369
39 2246 0.021968299771038667 0 1.3995296 0.008189848333142307 112.78765173151142
40 2270 0.02283890376862519 0 1.404167 0.008142916031072403 112.78253023062202
41 2294 0.019538062793654914 0 1.404167 0.008154533854353453 112.76890107632917
42 2318 0.017697632196730727 0 1.4027327 0.008202193268034227 112.78409230986051
43 2342 0.015507667944333808 0 1.3995296 0.008197203361590518 112.76877901036947
44 2366 0.014396197546998734 0 1.3995296 0.008190670159204324 112.78092777920226
45 2390 0.013566652211059817 0 1.404167 0.008134816663398877 112.78533832038559
46 2414 0.01101110359056458 0 1.3995296 0.00816895380018092 112.78416644912159
47 2438 0.01031663939569798 0 1.4027327 0.008213842149272812 112.77824903282435
48 2462 0.010340777568239801 0 1.3995296 0.008186476451912625 112.77859796202996
49 2486 0.01050290413872988 0 1.3995296 0.00818341373435388 112.77875815782016
50 2510 0.010466038498279626 0 1.3995296 0.00816972456167076 112.78070944481024
51 2534 0.009079461695883575 0 1.4027327 0.008213843595955872 112.77718202208987
52 2558 0.007345941826600169 0 1.3995296 0.008155830556331572 112.77676557957349
53 2582 0.006862416469073948 0 1.3995296 0.008155299780922418 112.7799345097947
54 2606 0.006840057233404162 0 1.3995296 0.008173569449397091 112.77807591583247
55 2630 0.006763604413930948 0 1.3995296 0.008174827917266876 112.77708167155066
56 2654 0.007486705603666246 0 1.3995296 0.008177461573365534 112.77633796690398
57 2678 0.006378052620334738 0 1.3995296 0.008165797688388338 112.7765779850863
58 2702 0.007413057930392571 0 1.3995296 0.00819065908462586 112.77839490443638
59 2726 0.008622755820254296 0 1.3995296 0.008188582789080301 112.77778999968481
60 2750 0.00904771650490401 0 1.3995296 0.008190242611302048 112.78020451301558
61 2774 0.012397399638336417 0 1.3995296 0.00818848837856331 112.78119890431316
1 2823 0.00934948308825411 0 1.4247118 0.007222783951000296 112.80391966987884
2 2871 0.00923423345422525 0 1.4049684 0.008259874443610291 112.81531879483778
3 2919 0.010912029987767927 0 1.4263735 0.0069601011460050065 112.80975113128237
4 2967 0.010967420835997495 0 1.4027327 0.008211361648810407 112.77297359604323
5 3015 0.011591988307522167 0 1.4027327 0.008200888667669161 112.79267550972754
6 3063 0.011342290422264218 0 1.4049684 0.00824459021490468 112.78273906131973
7 3111 0.013397990681248749 0 1.4342151 0.007121425913899498 112.84249501497722
8 3159 0.013175815342582843 0 1.3995296 0.008185491653400016 112.82189205296298
9 3207 0.01255473338957899 0 1.3995296 0.008160324218435662 112.82428765919951
10 3255 0.011177743686866037 0 1.4247118 0.007268716902107662 112.7943856911316
11 3303 0.00992548625721484 0 1.3995296 0.008165209621627697 112.81158188536708
12 3351 0.009927882531096362 0 1.4170322 0.007390898925751312 112.81055347641306
13 3399 0.008615109159076262 0 1.4049684 0.008232879484582638 112.7907520533067
14 3447 0.009016182743011466 0 1.4049684 0.008275816977201807 112.78344813148465
15 3495 0.011550609925658753 0 1.3995296 0.008174596750772256 112.80859703107626
16 3543 0.0104678412596688 0 1.4027327 0.008207934598171917 112.7850142298673
17 3591 0.008664368265695818 0 1.4027327 0.008207143680306225 112.78693402738462
18 3639 0.008412738798890278 0 1.3995296 0.008186416861549141 112.79980047040003
19 3687 0.009136390692640328 0 1.3995296 0.008185325062095681 112.79946980465627
20 3735 0.008486815707308913 0 1.4049684 0.008248880304364065 112.79659130460053
21 3783 0.009979558259012925 0 1.3995296 0.008177483499849132 112.81798322994264
22 3831 0.008272693102936315 0 1.3995296 0.00815931126562757 112.79765954606344
23 3879 0.008728764946986762 0 1.4049684 0.008264105126925533 112.79420307452757
24 3927 0.007802908412240292 0 1.3995296 0.008156830750328173 112.80818038861234
25 3975 0.00903792036126303 0 1.3995296 0.008170986459773467 112.78601916580723
26 4023 0.010938592536788227 0 1.3995296 0.00817839427041547 112.79793272370343
27 4071 0.010005338829221671 0 1.3995296 0.008195106498678406 112.79380280771068
28 4119 0.009641226500058955 0 1.3995296 0.008163890221653303 112.77708361814703
29 4167 0.008124708791387495 0 1.3995296 0.00818028510844627 112.79971067862722
30 4215 0.008166055120912749 0 1.3995296 0.008182107798383978 112.80313552157334
31 4263 0.008750476220405663 0 1.3995296 0.008157086702595198 112.78334910611639
32 4311 0.008478452039058426 0 1.4049684 0.008254643595040181 112.78987570895882
33 4359 0.00789272755704277 0 1.3995296 0.008167910366965632 112.81883474184933
34 4407 0.008647907641277212 0 1.3995296 0.008192415091930343 112.81340837449352
35 4455 0.010520299845525749 0 1.3995296 0.00818131171080066 112.80427725392539
36 4503 0.009415761736783953 0 1.3995296 0.008193785979949386 112.79580673134957
37 4551 0.008815010808988435 0 1.3995296 0.00817200997597861 112.79802115148573
38 4599 0.009184739726478616 0 1.3995296 0.008190156008378996 112.81949357551159
39 4647 0.007664923490352231 0 1.3995296 0.008164136220266177 112.82134865419066
40 4695 0.007392815546418823 0 1.3995296 0.008174906145356422 112.78704919862065
41 4743 0.007160776143783022 0 1.3995296 0.008187380071391977 112.81741162876094
42 4791 0.00643487615091073 0 1.3995296 0.008178520303292351 112.80505908807194
43 4839 0.007595221121933691 0 1.3995296 0.008176521572495588 112.8072448705236
1 4936 0.011065341582189678 0 1.3995296 0.00815986447005287 112.81311754613169
2 5032 0.015024976182006234 0 1.3995296 0.008184109383653503 112.80506772937242
3 5128 0.016806059108157304 0 1.3995296 0.008189668840673023 112.7975857474082
4 5224 0.016707775354078826 0 1.3995296 0.008178844782630833 112.79110831204524
5 5320 0.01552235822780031 0 1.404167 0.008136031690136401 112.80441965205424
6 5416 0.014213061579679666 0 1.4200629 0.0075174861816203675 112.81750015314807
7 5512 0.014492045119265475 0 1.404167 0.008139004951106088 112.80789839998866
8 5608 0.01405114520462906 0 1.404167 0.008145580281192394 112.81842044828494
9 5704 0.01396115953923512 0 1.3995296 0.008161725425757044 112.81124646402706
10 5800 0.012789307998090957 0 1.404167 0.008136495827136738 112.80290661791472
11 5896 0.013360432753420666 0 1.4049684 0.00825313008397666 112.81340715145255
12 5992 0.0135798570678766 0 1.3995296 0.008192566674049124 112.80809655234722
13 6088 0.013183720999138998 0 1.3995296 0.00818535372089101 112.803605889919
14 6184 0.01387202216257123 0 1.4027327 0.008211210393089663 112.79394521074505
15 6280 0.014034736044652656 0 1.4049684 0.008254302384891873 112.8065733902036
16 6376 0.014552290001208822 0 1.4027327 0.008216438546830842 112.79182136727398
17 6472 0.01619007642565728 0 1.4049684 0.008274075125923047 112.80800937128231
18 6568 0.02073970933160274 0 1.404167 0.008153072117201511 112.81792766725015
19 6664 0.022313373592094822 0 1.4200629 0.007503650371820879 112.81777790228443
20 6760 0.021911043637875646 0 1.4049684 0.008278815440244159 112.81489782574839
21 6856 0.02321004325707834 0 1.3995296 0.008166709596085953 112.83181496279308
22 6952 0.021111537701993505 0 1.4049684 0.008257533575796486 112.81865383984079
23 7048 0.01960919092732307 0 1.3995296 0.008155245210754277 112.83118797969641
24 7144 0.01860322657732386 0 1.3995296 0.008166171561024445 112.83630053683838
25 7240 0.017531939899247968 0 1.3995296 0.00819331825449486 112.82659406800735
26 7336 0.015764655164492176 0 1.3995296 0.00819462062145472 112.81430312125751
27 7432 0.014417053469867854 0 1.3995296 0.008172415705514214 112.81043374116011
28 7528 0.014828567384460282 0 1.4027327 0.008212394817437253 112.81500979956279
29 7624 0.01518032788160442 0 1.4049684 0.008266613439118902 112.81734496031868
30 7720 0.013488224886169433 0 1.4027327 0.008220572014736333 112.8245307418523
31 7816 0.013676042673289784 0 1.3995296 0.008171802103693445 112.82918390480594
32 7912 0.01375201975408987 0 1.3995296 0.008199109390615729 112.81333152691396
33 8008 0.01592964823850871 0 1.4170322 0.00741543715073454 112.81037880090034
34 8104 0.014114800901915922 0 1.3995296 0.008167593355959062 112.83213449849961
35 8200 0.014651312086786526 0 1.4027327 0.00820638034780143 112.82797828496925
36 8296 0.014018749985784333 0 1.3995296 0.008196300885201296 112.83103149083472
37 8392 0.013113613178839148 0 1.4027327 0.00820290824611221 112.82896024569
38 8488 0.013930184495973092 0 1.3995296 0.008194398107014661 112.82939764153564
39 8584 0.015439144154048122 0 1.4049684 0.008234913690893924 112.82856962061126
40 8680 0.015816886859063108 0 1.3995296 0.00815666512347214 112.8294340582758
41 8776 0.017377757091265034 0 1.3995296 0.008156130115087762 112.83128966447707
42 8872 0.018259868552921908 0 1.3995296 0.00816340728386497 112.82903340650915
43 8968 0.015998920837555285 0 1.3995296 0.008199519645158321 112.83035156631489
44 9064 0.017425564771301548 0 1.3995296 0.008163809508971191 112.83105420415845
45 9160 0.017156252597069134 0 1.3995296 0.008179904663170067 112.83095880366857
46 9256 0.017746369126720986 0 1.3995296 0.008165110728115006 112.8303559513427
47 9352 0.016053636140279774 0 1.3995296 0.008196157834480909 112.83190623104859
48 9448 0.014871853797757042 0 1.4027327 0.00820339693670391 112.83112866208266
49 9544 0.019828183229528954 0 1.3995296 0.00819222065356334 112.83070216169259
50 9640 0.02141715367528971 0 1.3995296 0.00817583489680682 112.8300373140578
51 9736 0.020946551880233824 0 1.3995296 0.00819158144489841 112.8299342363957
52 9832 0.020820738293706908 0 1.3995296 0.008194300986844727 112.83142646400186
53 9928 0.022653660564205615 0 1.3995296 0.00816550997733141 112.83066561520971
54 10024 0.02117736945605435 0 1.3995296 0.00816059561794247 112.83018200337932
55 10120 0.021089556493118503 0 1.3995296 0.008197071989941917 112.82995429987274
56 10216 0.022275392122233725 0 1.3995296 0.008188006220091068 112.83065958550331
57 10312 0.026691528261372797 0 1.3995296 0.008186543134568052 112.82980108353301
58 10408 0.027112667306607646 0 1.3995296 0.00815898430266249 112.83023075137825
1 10601 0.008964664146814556 0 1.4200629 0.007525218076868541 112.81215294691476
2 10793 0.009621663999661466 0 1.4200629 0.007501814518731099 112.81243637292155
3 10985 0.010347588455789638 0 1.3995296 0.008158032535375897 112.81768772852722
4 11177 0.009904316819779295 0 1.3995296 0.008179961282416093 112.81183826535015
5 11369 0.010133200467553458 0 1.4049684 0.008278212523318257 112.82043699170104
6 11561 0.010418454686941766 0 1.3995296 0.008193910111406251 112.81406962015811
7 11753 0.010486713746204808 0 1.3995296 0.008190780843528492 112.81124874659501
8 11945 0.010754588810257133 0 1.3995296 0.008157180493535178 112.80646448961942
9 12137 0.011084973662866128 0 1.4200629 0.00756939021724456 112.80057302716274
10 12329 0.010632717167071386 0 1.3995296 0.008184815206187652 112.81020804787563
11 12521 0.009716060352704291 0 1.3995296 0.008171096371095588 112.81173827435221
12 12713 0.00997007864696514 0 1.4027327 0.008222135070555085 112.80550518231057
13 12905 0.011305091450805176 0 1.404167 0.008141478482942848 112.8197960475923
14 13097 0.011679004002752683 0 1.4027327 0.008203926682831961 112.82043102876271
15 13289 0.011859870124071617 0 1.3995296 0.008161554159254738 112.79909943898676
16 13481 0.011387685171312896 0 1.4170322 0.007414978225673397 112.80591729233251
17 13673 0.010371069676724416 0 1.4027327 0.008204816155159647 112.82272348891809
18 13865 0.01120811749282509 0 1.4181706 0.007020878822550041 112.79802443050103
19 14057 0.010723585726186742 0 1.4027327 0.008217896921842513 112.80599754395898
20 14249 0.01090481312864923 0 1.3995296 0.008171083802973812 112.81199947586286
21 14441 0.012161312795473027 0 1.3995296 0.008178110585170961 112.79914634810038
22 14633 0.013307124585444726 0 1.3995296 0.00815865022626797 112.82041356749568
23 14825 0.013181479645120868 0 1.404167 0.008135811258022306 112.79601208560861
24 15017 0.013606096739530931 0 1.3995296 0.008156250190181727 112.82395162271189
25 15209 0.013565295345088333 0 1.4027327 0.008209100262787988 112.82141283084508
26 15401 0.013703313882694008 0 1.4049684 0.008228233001592526 112.81211396141309
27 15593 0.013974399061299362 0 1.3995296 0.008157909307285374 112.81302189264127
28 15785 0.013348853066065317 0 1.3995296 0.008182664886316634 112.79882092968559
29 15977 0.013257564672662148 0 1.3995296 0.008162759171816013 112.81725355345222
30 16169 0.013764396091722605 0 1.4049684 0.008277951139805726 112.80606020296749
31 16361 0.013539111173840553 0 1.3995296 0.008199296630055504 112.8215221155646
32 16553 0.012672785507496277 0 1.3995296 0.008171466845071427 112.8228205610776
33 16745 0.012944628897841483 0 1.4049684 0.008245751707831775 112.79175986043707
34 16937 0.012775002834659986 0 1.4027327 0.008215150692711472 112.80378620579258
35 17129 0.012742164943743783 0 1.3995296 0.008182839427783698 112.80249274078861
36 17321 0.013090247066050182 0 1.3995296 0.008166479773297822 112.81036367410546
37 17513 0.013530910166598633 0 1.3995296 0.008192215655105197 112.80538637282217
38 17705 0.01394234103383321 0 1.3995296 0.008172680031173853 112.8058836006126
39 17897 0.01325294065372661 0 1.3995296 0.008181841382738317 112.80492163115096
40 18089 0.013872243167453483 0 1.4027327 0.008212155064640087 112.78490420775977
41 18281 0.013178320511567764 0 1.4027327 0.008213890626206984 112.78133953770998
42 18473 0.013952330308649123 0 1.4027327 0.008208849503597477 112.79935861845539
43 18665 0.015055149039367907 0 1.3995296 0.00818444576953148 112.80567966017341
44 18857 0.013679068096289953 0 1.4049684 0.008240614654450449 112.81162297357584
45 19049 0.016633127831585708 0 1.3995296 0.008183166208265105 112.80104222143443
46 19241 0.015829190848200624 0 1.3995296 0.008178108085342351 112.79804993467975
47 19433 0.016376270964230707 0 1.3995296 0.008160899588218659 112.78697272636775
48 19625 0.01621293508174414 0 1.3995296 0.00818772931649369 112.7841062093046
49 19817 0.014979302876876875 0 1.404167 0.008137805750450746 112.79668623944204
50 20009 0.015043198960789471 0 1.404167 0.00814947105813342 112.78428893755182
51 20201 0.016738503065243576 0 1.3995296 0.00817728711994515 112.80720082678637
52 20393 0.01996673584275383 0 1.3995296 0.00817566643680284 112.80254864989026
53 20585 0.020583917130084922 0 1.3995296 0.008189806632270358 112.81176136190044
54 20777 0.019231782291797832 0 1.3995296 0.008155209773038111 112.8270156930338
55 20969 0.020868575792141537 0 1.3995296 0.008155948212508847 112.78866782222399
56 21161 0.020869054609198048 0 1.404167 0.008144931785038835 112.77614786420793
57 21353 0.01946354196453072 0 1.4049684 0.008267251661858377 112.80165917925646
58 21545 0.02061051696111673 0 1.4232922 0.007437929572762989 112.80570089205266
59 21737 0.018607709004624728 0 1.3995296 0.008192682379929875 112.76529003057186
60 21929 0.01853100062513652 0 1.3995296 0.008171607063923005 112.80246429588915
61 22121 0.018956424143613877 0 1.404167 0.008137234547612343 112.80168771343504
62 22313 0.017457180685426125 0 1.4049684 0.008253672151092255 112.7928278557012
63 22505 0.01841593032194895 0 1.3995296 0.008192393004391172 112.80031271232563
64 22697 0.020150086553407293 0 1.3995296 0.008187485605027581 112.79193211517098
65 22889 0.020531466145659486 0 1.3995296 0.00818329765379081 112.78048067437763
66 23081 0.02014411419433704 0 1.4027327 0.008218330379512251 112.80939632989379
67 23273 0.019430768200403944 0 1.3995296 0.008166848909993876 112.77323980287207
68 23465 0.01945801610352397 0 1.4027327 0.008208691074271133 112.7784289955182
69 23657 0.01910006536223436 0 1.404167 0.008137229847402635 112.79143631452469
70 23849 0.017368814963828347 0 1.3995296 0.008197527508725613 112.78600793648712
71 24041 0.016661234591853626 0 1.404167 0.008154454355616684 112.79746197092147
72 24233 0.019562079251267225 0 1.3995296 0.00817645706947052 112.79199129094661
73 24425 0.019243465297895508 0 1.4027327 0.008219973465660458 112.78758134045343
74 24617 0.017936389940456987 0 1.4049684 0.008262248701257595 112.78964493703677
75 24809 0.01869921675799259 0 1.3995296 0.008183366752532818 112.78378720612982
76 25001 0.018506915309198426 0 1.3995296 0.008189291779134833 112.77784014884531
77 25193 0.019782561635896017 0 1.4200629 0.0075675087031189985 112.786858819938
78 25385 0.020428545608235493 0 1.3995296 0.008198966442601804 112.78650761016283
79 25577 0.019107440073889845 0 1.3995296 0.008157965330923658 112.78549942032052
80 25769 0.01842554303571376 0 1.3995296 0.008172383554413059 112.77431256601015
81 25961 0.017413441414416746 0 1.4181706 0.0070296225347656355 112.79298283655626
82 26153 0.016926294601550304 0 1.3995296 0.00816401200231103 112.7954389111178
83 26345 0.018652769203642533 0 1.3995296 0.008188018388237541 112.78294641992933
84 26537 0.020178186739924334 0 1.4027327 0.008215374436465096 112.78405447131158
85 26729 0.021899786543294626 0 1.4027327 0.008213649138322277 112.7780733191109
86 26921 0.025195528070929177 0 1.4181706 0.007026889363573522 112.78954160918208
87 27113 0.027381616546817703 0 1.3995296 0.008166197013311786 112.77410776515903
88 27305 0.026541538056531193 0 1.4027327 0.00822185218297205 112.78129582651945
89 27497 0.027325207091743606 0 1.3995296 0.00817767817594181 112.77949945060995
90 27689 0.02618524543339479 0 1.3995296 0.008197809617628636 112.77227795402169
91 27881 0.02866902681698662 0 1.3995296 0.008183346105568328 112.77840929140727
92 28073 0.027255835079009305 0 1.4170322 0.007432689148200842 112.78994013888757
93 28265 0.026070884572766673 0 1.3995296 0.008179465984294539 112.79779772305488
94 28457 0.026093866744287077 0 1.404167 0.008145302155272125 112.78994109855205
95 28649 0.025291521811931124 0 1.3995296 0.008190046613989975 112.7920086712729
96 28841 0.023422432615634432 0 1.3995296 0.008180461767975189 112.78914161598703
97 29033 0.022127265847105594 0 1.3995296 0.00816015616772839 112.78844048602357
98 29225 0.022096570248285118 0 1.4049684 0.00828551279719917 112.79779233630366
99 29417 0.022248243289765386 0 1.3995296 0.008166495358271398 112.78651501660967
100 29609 0.02281236436539798 0 1.404167 0.008141633049495535 112.78118769859441
101 29801 0.02226421535812882 0 1.404167 0.008138599219561289 112.78001470378256
102 29993 0.02239522577810962 0 1.4049684 0.008281776273248649 112.78828843981138
103 30185 0.023692824992522277 0 1.4027327 0.008207402240105188 112.78437797278141
104 30377 0.022691835711424437 0 1.4027327 0.008216014986480077 112.78170926564947
105 30569 0.021011263679249947 0 1.3995296 0.008161048617406793 112.7884027832214
106 30761 0.019216018503265538 0 1.404167 0.008150804983914538 112.78457485003604
107 30953 0.019695442079621754 0 1.404167 0.008150385669301173 112.78714454196773
108 31145 0.019513196087700944 0 1.4027327 0.00820429677645118 112.78718870769553
109 31337 0.019827546073884733 0 1.3995296 0.00817590894851336 112.78485703396608
110 31529 0.020269522331325583 0 1.4027327 0.008206831364750835 112.78795873064398
111 31721 0.020677046802668887 0 1.4027327 0.00820510086155041 112.78574205106214
112 31913 0.020297079926608317 0 1.3995296 0.008181818767420497 112.78426552617327
113 32105 0.02023789094134139 0 1.404167 0.008136496499458698 112.78463764278547
114 32297 0.022298444986948465 0 1.3995296 0.008168621723036597 112.78472145532652
115 32489 0.021302014903208925 0 1.3995296 0.00819539482810165 112.78397717840976
116 32681 0.01988963319016246 0 1.3995296 0.008185275371120971 112.78662613522064
117 32873 0.018041578364921346 0 1.3995296 0.00817634807561745 112.78542982734594
118 33065 0.016509767593079577 0 1.4027327 0.008200438894429535 112.79022015554621
119 33257 0.01673958466817211 0 1.3995296 0.00816746510993315 112.78542202802619
120 33449 0.017637546013460487 0 1.4049684 0.008279616693391337 112.78385628875805
121 33641 0.01696747184143441 0 1.3995296 0.00816105024854307 112.79124411571733
122 33833 0.01586344649995476 0 1.3995296 0.008182672302211282 112.78564509263991
123 34025 0.01666021098414752 0 1.4027327 0.00821573042431106 112.78444212785575
124 34217 0.01515113517238812 0 1.3995296 0.00816742407231404 112.78615816097225
125 34409 0.017269060548173686 0 1.3995296 0.008170131318000389 112.78540788861552
126 34601 0.016653955228434693 0 1.4027327 0.008205111107495064 112.78784447364059
127 34793 0.016446375955349615 0 1.3995296 0.008165448557120784 112.78531375150415
128 34985 0.01669595212601394 0 1.3995296 0.008157593502963077 112.78371072614493
129 35177 0.017979463163728258 0 1.404167 0.008154658103396497 112.78230255465279
130 35369 0.019447821524755354 0 1.3995296 0.008159317568991877 112.78390112761306
131 35561 0.018983557791141813 0 1.3995296 0.008180351307264952 112.78261046126345
132 35753 0.01952763241015158 0 1.3995296 0.00819071635267564 112.78425771740099
133 35945 0.019008070982935867 0 1.3995296 0.008172909354323087 112.78409806605136
134 36137 0.017447592284843973 0 1.3995296 0.008177247512497106 112.78536463150284
135 36329 0.01784349687615269 0 1.3995296 0.008193581850925814 112.78312854335361
136 36521 0.016930535157234028 0 1.4027327 0.008208251089240181 112.78389701715949
137 36713 0.01686910877830652 0 1.3995296 0.008181810050542918 112.78456783315396
138 36905 0.015630548473255502 0 1.4170322 0.0073924621682220255 112.78558651693046
139 37097 0.016317253527666577 0 1.4170322 0.007402137102915093 112.7835103797033
140 37289 0.016743432024073454 0 1.4170322 0.007403862418081827 112.78238626525226
141 37481 0.01685245640184771 0 1.4170322 0.007424104214074606 112.78389671198263
142 37673 0.016855469395143003 0 1.4170322 0.007414169761036094 112.78275700325915
143 37865 0.016566025695788585 0 1.4170322 0.007406970713262247 112.78376199540403
144 38057 0.015702838489722183 0 1.4170322 0.007410817075674786 112.7831194872211
145 38249 0.01676997404904325 0 1.4170322 0.0074121043152864914 112.78325007350425
1 38634 0.008978064052041781 0 1.3995296 0.008186008022203305 112.81152878016647
2 39018 0.009226489643877445 0 1.4027327 0.008210047626838225 112.80974755259801
3 39402 0.009316067521168387 0 1.3995296 0.00819869627256737 112.83890930960547
4 39786 0.010548195657341016 0 1.3995296 0.008196567047629394 112.81755742847919
5 40170 0.010590672902526105 0 1.3995296 0.008190060466442307 112.82056125905935
6 40554 0.010788583531986572 0 1.3995296 0.008178754004493066 112.79552056720676
7 40938 0.011336810367667788 0 1.3995296 0.00819879822048272 112.83012965884787
8 41322 0.01124426556954954 0 1.3995296 0.008187373664914935 112.81739140852086
9 41706 0.011625698065540653 0 1.3995296 0.008175747912826188 112.81514946546282
10 42090 0.011813065883905747 0 1.3995296 0.008199655014031861 112.80592290993701
11 42474 0.012158430922526537 0 1.3995296 0.00817393664701672 112.81443102478326
12 42858 0.011706888728895883 0 1.3995296 0.008173257697668027 112.828045763831
1 43627 0.009285639866563628 0 1.3995296 0.008179960197154116 112.81607133371186
2 44395 0.009510777850084999 0 1.3995296 0.008184288469232122 112.80363244261174
3 45163 0.010215990764937321 0 1.3995296 0.008163418306167534 112.8173704406221
4 45931 0.01028786735682589 0 1.3995296 0.008179266994095205 112.82217135624528
5 46699 0.010293976666667102 0 1.3995296 0.008165779559183208 112.80824935434839
6 47467 0.010829163880967479 0 1.3995296 0.00817704905920372 112.80554149281669
7 48235 0.010291803813515046 0 1.3995296 0.008172433349059927 112.81849764930804
8 49003 0.01036765349915326 0 1.3995296 0.008194027822591855 112.80814400221008
9 49771 0.010444499014150236 0 1.3995296 0.00818276420216077 112.81124928466264
10 50539 0.011002910698085212 0 1.3995296 0.008199096326124181 112.79983103959287
1 52076 0.009652863392657437 0 1.3995296 0.00815974568163441 112.81051571187294
2 53612 0.010508883798452506 0 1.3995296 0.008197635272255437 112.815221254293
3 55148 0.010593618523195288 0 1.3995296 0.00816575995884129 112.80161061771588
4 56684 0.01029972275222944 0 1.3995296 0.008187307486390908 112.8107927723075
5 58220 0.010329306418709733 0 1.3995296 0.00819748553740995 112.82067791919505
6 59756 0.011133413075568338 0 1.3995296 0.008164042168649388 112.80887877056122
7 61292 0.011382122806676597 0 1.3995296 0.008187436631799503 112.8037096613515
8 62828 0.011948103161779442 0 1.3995296 0.008186558608062588 112.80347021673333
9 64364 0.01192399219768482 0 1.3995296 0.008166475325311666 112.80521105316275
10 65900 0.011796929048821845 0 1.3995296 0.008164488892484771 112.79277924948984
1 68973 0.0096228853370964 0 1.3995296 0.008181638188626952 112.81986277608486
2 72045 0.010115979901934509 0 1.3995296 0.008184522676419111 112.80817058069296
3 75117 0.010190654870068018 0 1.3995296 0.008165452214285508 112.80862574959322
4 78189 0.010897785933509936 0 1.3995296 0.008157123014469001 112.81959526811289
5 81261 0.010983766119689703 0 1.3995296 0.008165326958082175 112.81089048251539
6 84333 0.011236619965004446 0 1.3995296 0.008191633489360925 112.79965942317716
7 87405 0.011676855678167024 0 1.3995296 0.008183709221085387 112.82419002358051
8 90477 0.011712074938361777 0 1.3995296 0.008155988908193551 112.80630733760185
9 93549 0.01227017869448856 0 1.3995296 0.008197932313350049 112.83947045778149
10 96621 0.012253658089915603 0 1.3995296 0.008163504885627454 112.80944854290739
